200 199 0 100
9850 4617
5917 4240
3531 9436
4982 5771
8953 1118
3166 1878
7454 9639
4740 5195
3559 4258
1976 6906
9125 8785
3720 3444
9455 6107
3360 561
7941 3617
7659 2582
6999 1713
2343 1821
5027 6911
9214 4341
2177 8626
8773 1676
2735 6340
3034 5553
7975 2573
6981 916
5116 7841
9941 821
5607 1863
2719 3186
245 9960
8396 7871
9589 267
3558 7001
4328 4870
6853 9934
6707 8347
3422 1642
7152 723
3347 3680
6490 796
4829 3644
7782 2181
3068 9002
4958 6360
3144 1992
9785 2059
4784 8498
6357 6017
7665 5422
629 7048
3725 3763
726 7578
9963 4590
5605 6316
2503 8047
214 4732
4651 1517
8958 4300
3083 26
5635 3858
4591 5455
7958 4460
1921 6135
1073 8789
7557 7397
2199 6828
3384 5855
1704 1006
2936 4389
4154 2448
3897 8383
6760 3300
1034 4983
3422 6217
1054 4367
6635 7494
8332 3375
6274 9460
7602 252
4420 6421
5831 5392
4315 2197
9872 8952
8872 2083
3131 2169
4475 9570
4880 6749
576 5104
7756 2506
4168 1294
9345 8509
3788 4773
881 4455
5706 4934
7450 1779
8850 8027
3144 3947
3769 8045
8340 653
6298 7433
9002 8382
5198 9064
8368 8158
4304 3031
9056 6958
4726 277
1930 1485
1169 73
5069 9260
8258 9909
2080 138
9163 3626
9827 9644
533 5162
444 9053
1616 7831
4559 8804
1756 4304
2213 7101
9270 6547
7112 2781
2980 6535
1932 4614
262 2096
8996 9741
7223 3687
498 7652
6549 3756
9159 4835
1848 409
1089 8204
469 8570
2697 1156
4009 2841
5656 1979
8298 7040
3005 2738
8114 2108
2354 1054
5077 5814
1572 1676
5739 985
4440 8588
4550 1579
115 1185
5026 6639
535 2861
5728 6010
7730 9683
4163 1303
4086 7656
7778 4909
4573 6615
9557 5834
6580 3587
6465 1602
2340 5322
1695 1869
6337 8027
7018 9884
8167 2674
7272 5392
4215 2359
9135 4661
3018 8755
202 4207
9327 4271
4713 7464
8043 7575
1256 7894
1 4570
8189 1414
6336 4899
751 1310
436 8627
5924 8549
1816 2149
674 6235
99 2693
1282 269
8423 2895
99 8920
662 5494
383 9469
171 5378
616 9053
2262 9741
7489 2110
1280 8987
9325 9778
114 9217
6620 5978
2354 407
1712 6732
4864 8034
8333 3762
6677 4977
7695 8124
6073 1962
117 174
25 155
58 122
45 130
54 147
36 32
67 34
61 3
168 29
71 93
36 195
71 12
106 146
112 156
29 1
47 64
139 150
16 44
35 139
157 159
70 71
63 155
180 199
40 122
51 119
194 174
88 104
26 147
1 147
104 7
37 99
89 41
150 112
83 123
102 33
157 9
168 177
88 138
22 74
50 40
34 171
169 74
118 131
189 165
13 57
101 119
37 194
195 20
104 166
111 10
22 147
116 180
178 191
116 100
174 155
171 113
82 189
173 19
11 13
16 124
186 131
160 54
13 101
6 38
43 138
54 113
115 185
70 140
96 42
146 133
88 34
4 169
99 117
135 11
124 25
147 168
199 92
181 23
102 11
37 140
61 133
124 152
193 16
60 32
30 74
178 54
51 1
85 104
59 123
111 141
124 100
129 67
127 78
55 75
179 100
129 163
75 157
50 85
114 174
15 139
56 74
188 200
160 161
57 26
187 65
55 30
184 41
22 98
51 33
134 135
89 196
47 157
61 183
16 34
131 81
24 60
135 160
193 53
26 103
147 132
45 122
12 167
90 88
104 191
169 117
18 119
154 98
165 194
181 22
64 183
30 80
157 122
155 122
96 68
49 107
142 116
192 65
36 125
21 69
136 98
46 114
134 176
70 190
62 68
13 63
25 189
142 87
36 110
190 60
83 25
9 7
118 185
111 49
101 104
118 194
188 194
98 188
79 37
130 45
87 77
119 15
129 95
111 194
141 112
71 27
135 179
13 180
74 23
94 129
31 163
159 28
77 91
183 165
100 194
185 51
27 140
187 97
165 93
191 176
134 133
184 78
133 72
31 168
45 44
102 157
133 129
192 119
120 170
129 54
2 118
124 69
103 1
37 134
185 36
106 19
157 180
84 58
141 85
30 147
C955 C429 8
C14 C958 6
C657 C2 1
C138 C920 9
C427 C895 6
C718 68 8
C329 C653 9
103 87 9
C178 30 10
48 C955 5
75 42 3
35 C546 2
138 9 8
95 198 4
C763 C511 7
C856 160 4
C149 157 5
C842 C628 5
C5 59 10
C981 104 6
C909 C221 5
C554 C530 9
129 C576 3
C19 42 6
C703 28 6
C88 181 5
C28 144 5
C515 103 2
C20 33 9
62 157 10
110 79 2
C417 141 10
27 C161 5
C553 15 8
12 C260 1
C571 C523 7
91 C391 9
27 C52 10
C949 49 2
C156 16 3
30 C756 3
C188 C276 8
C590 155 8
C292 C652 10
146 48 2
98 7 10
C248 C33 2
C733 C466 7
C984 159 2
34 C236 8
9 C783 5
95 63 10
C610 C338 2
C633 C245 8
C911 C717 4
C352 119 6
4 71 7
194 196 3
195 99 2
C111 115 5
C531 C357 3
116 C395 2
C340 C679 5
C982 148 4
C578 C846 10
64 134 10
C930 C681 4
C825 25 6
C869 C707 1
C287 58 10
C439 C411 4
C965 C362 4
C109 41 2
106 123 5
171 169 10
133 C521 5
C916 16 7
61 C93 7
C281 4 1
23 141 8
C13 38 2
C698 43 8
C964 C668 4
C572 17 6
C623 115 5
C676 C233 5
C863 11 10
130 137 8
C937 C115 7
89 32 8
C524 C493 4
1 C179 10
C568 179 8
C810 3 6
180 C787 9
59 126 3
28 11 6
C754 86 1
C73 155 6
C115 C779 5
