1000 1999 100 0
1705 9667
6743 8821
181 6511
2147 6991
1415 7888
6754 9256
1613 7248
4664 2048
2593 5989
388 4220
7906 1252
7891 1047
9234 707
3397 2919
5763 16
5963 7053
7152 7188
1904 5255
5334 5342
5495 1050
4460 612
2819 4749
5066 7559
1706 6697
5167 6556
2535 1434
5267 6325
2800 4934
9930 5549
440 4026
4193 9807
4504 394
1321 5320
272 2663
7481 1409
5376 6327
9785 8546
3907 9461
2359 8787
1824 1231
9354 4048
4696 3914
3493 791
5055 9688
902 3571
8598 536
391 328
5738 9047
123 1413
6519 225
4646 9077
8161 5909
3716 9002
6324 1407
9508 2106
325 9713
8753 4198
9833 3890
673 4193
7096 1634
6674 9179
242 6565
4842 9406
7745 1598
7196 4519
5393 4607
4496 5901
6175 5091
8172 492
9150 5836
5926 4846
7777 3834
525 7872
3591 5991
5299 8707
4706 8090
7132 6018
5263 5296
3446 7729
168 7252
2937 8655
3252 3255
9158 3691
4773 6258
497 4179
3744 7686
8215 689
8805 9193
4398 9329
4657 4526
7395 5301
3310 5190
5764 6788
9469 8874
3526 1038
6791 340
5368 852
6312 1135
1171 7856
5130 8991
1346 956
6640 2590
8002 34
8554 3497
4778 7087
9793 3763
6686 9125
8920 2954
7578 7781
9561 474
3354 3717
6780 9994
5563 6986
9013 7300
8512 9069
4188 9918
4907 3856
1503 2887
781 3150
8724 7943
4544 9660
5616 4349
3378 9486
2057 468
2454 7698
3488 9344
8369 5797
2769 6218
7236 8785
6436 2556
438 1817
3812 5114
5515 6544
1749 1706
8524 6532
7844 8775
8343 4412
9297 4748
3564 8689
7150 3129
7209 5100
2915 6474
3370 6839
7958 3001
2573 4900
436 1188
3441 451
6707 8216
6508 5664
9141 8621
6609 6989
9663 4071
7808 900
6877 3623
7685 1427
9247 1855
9479 1341
4309 9476
9002 2128
3315 9436
4306 8810
7908 739
4511 992
9682 1030
3649 5316
1940 3661
2992 4873
5363 6773
3176 8626
7735 4680
5782 8628
2629 3951
3196 2002
7405 3304
3910 706
6209 2491
7991 2815
7503 7326
6027 1504
2036 4061
7106 1010
8102 1689
5269 6502
9725 8793
5785 7189
6409 436
8595 6113
5341 8423
5646 1695
718 4935
8948 9700
8617 8442
2538 8580
9043 1105
6165 4814
8592 8196
9610 6787
164 8469
7217 4331
1367 3916
2139 5428
4616 9822
5584 5476
1159 6680
9598 5243
8717 9920
5005 8415
6591 4828
1965 9187
398 2892
1285 9449
3113 8846
5653 8846
8420 3253
2404 1670
3312 6951
5432 1731
7748 6692
2106 9474
8489 3374
3735 3854
4964 9758
3972 2458
4205 897
2498 9540
225 4976
1132 5104
6363 7955
6118 5826
8883 388
434 1655
2096 1382
413 1053
328 3435
1026 1838
3885 6885
9418 6323
8622 2096
1756 6088
7198 6766
7606 1238
1766 5914
2760 2518
6062 7694
9475 7203
9132 8174
3717 9880
4994 8053
3993 8428
6866 9036
6749 672
4275 18
4556 3709
3643 6683
9884 7279
1946 4964
4881 17
1104 3829
2831 8490
8617 6603
9417 6681
7254 8117
967 2754
1434 8895
326 5721
6779 8278
7291 8138
7386 492
4912 4236
7388 9107
9726 1270
1114 2745
2711 5602
2830 6674
2983 8781
676 68
2458 9613
392 9148
5593 4986
7905 1049
5042 5766
8332 7425
2759 9868
1151 9296
1582 1103
2506 5220
2776 4033
4802 6244
3373 7923
5441 4110
8709 2936
6236 6528
762 3146
5716 4139
4254 6884
5164 8060
4916 435
9557 7011
5477 9288
3824 9158
104 2388
5667 9961
1583 9339
2089 6778
3652 1997
2106 5009
7882 1402
4296 8631
2804 7462
5814 3978
8407 3189
6097 8610
1861 8069
2840 770
2768 5917
8630 4616
5207 3491
1010 1991
7017 9712
9969 5573
3237 1557
9275 716
6397 9718
2173 7009
5116 4245
7636 7782
9349 1390
5471 2767
6940 7893
8989 1660
6845 899
8105 8270
4570 4146
9791 1713
689 7940
241 3736
2984 1273
746 8616
2817 5489
6329 510
4638 2932
5291 3381
8554 1441
8944 42
2400 4735
9201 4486
7948 824
5691 1269
7148 8508
4257 6625
1494 987
956 8920
5472 1839
1025 9279
9866 394
6818 7079
2638 9290
9691 6245
2677 2266
8680 7279
8909 3984
9788 1967
573 7401
737 7973
574 3699
5131 9760
8975 8069
4156 4649
6345 270
9791 1706
1071 8424
4829 1563
5803 404
4326 8616
76 9593
5569 6353
7966 7831
6112 2959
6561 7889
145 3644
7769 5557
2489 8256
6770 3006
1702 2715
8060 9475
7923 7633
2073 3004
5464 3988
6352 6854
5649 9285
7008 5356
8342 7567
8072 3087
7360 1284
2855 3666
8936 2996
92 8232
29 3335
1272 1511
3317 2543
675 7660
7444 8881
8846 395
6700 867
7878 8451
4937 5826
8717 8443
5015 1438
1475 9249
425 9236
746 5865
7840 6516
2410 2118
8479 1052
2675 6352
8456 6019
1383 1039
9891 9900
5816 3653
1935 5836
6362 3060
1495 3578
3111 8693
8367 7319
1682 8509
4623 4620
7341 4072
7595 4881
2733 2877
4947 9156
9046 135
9408 572
6798 267
4143 5228
8456 5057
4123 9346
7301 6379
2102 4412
1859 5903
2014 3112
1632 7913
4191 6928
4961 3216
7951 2347
3428 19
655 5810
9448 3336
3921 8565
2721 7666
8485 2650
5058 8239
2915 5092
1351 1517
9406 72
2066 4862
3694 4455
7874 3494
8960 8537
627 7459
9011 5724
4723 422
9391 2303
6133 8092
1314 2548
1920 2324
2001 6131
2359 7859
3350 4804
9881 2137
6986 9053
6464 653
5887 3465
7136 332
8918 1790
6062 1608
7572 1988
6633 1762
5328 3611
7881 6677
8964 2322
3568 7852
131 2745
1275 4004
8780 5929
4402 5408
1911 6085
651 3344
8364 7671
2984 291
7279 3676
5532 1173
2796 2877
9294 5954
5348 8635
8736 1371
651 4993
6691 7486
1144 7326
6807 3349
6491 8868
7064 1141
3126 1497
9503 2292
1517 1889
1926 2830
5995 614
1522 2219
8322 8917
6635 8641
3555 6691
7488 7038
3873 968
9777 7887
7311 1930
290 657
497 1478
8461 5308
764 4945
952 4190
995 2617
8819 238
8088 7705
4980 4060
988 1900
9452 5927
7941 2977
5251 819
2868 915
9717 3743
39 6823
6594 6296
9117 2670
2417 4095
6565 5241
7217 4860
9336 3014
3012 8479
1647 2311
6193 9332
5562 4838
6757 7872
6246 922
1499 2772
8886 1212
3066 172
2765 4262
1901 7402
4356 6266
5911 9985
2001 9856
4469 3703
3204 8386
6261 1368
6368 2781
1254 1921
2033 5831
6045 4443
8039 748
3796 365
4036 688
7000 5351
3291 6984
9690 586
2142 1721
8584 7772
5527 8900
2553 7189
3600 2278
8035 8504
6333 6368
8128 9308
129 1890
5595 9735
4318 7213
6742 9485
7117 8558
206 2301
8593 1341
3979 2336
8185 9033
8316 4876
5791 6723
9396 6917
1349 7069
7037 2036
678 1832
3141 805
826 7563
9806 8701
7557 4563
7076 3538
3267 9160
7290 3838
8445 5874
8294 2577
369 5214
2263 959
2888 1938
1991 6160
1974 6726
6987 4210
9791 2006
1254 4237
5491 568
1778 8787
8643 4613
8647 7279
7819 6551
9294 3039
9018 4887
8702 7029
5582 194
7556 4381
2270 2727
9684 1914
2548 868
1610 3069
4022 2655
9992 1370
8532 2984
2983 6139
8660 3892
3191 5899
1350 9704
9957 131
7552 7267
8695 9362
7690 3304
2445 4821
7544 6403
324 3773
5636 8579
6349 3187
4749 2608
5297 5733
840 6522
6095 5336
3835 1196
9533 3997
1904 5317
8323 3512
3977 6389
5727 4668
209 7292
6235 1565
6366 8945
1440 6484
3353 9553
8721 5842
6177 2510
2357 4647
1050 2400
8257 1256
1259 8707
1119 5027
7029 2137
8583 1263
5457 3859
8183 2926
2408 8810
854 1270
4956 3881
4828 3943
6661 2440
6189 1934
4335 3894
791 908
3204 2925
3265 7829
6736 18
2757 7846
1201 1515
23 2571
2062 1888
5722 4825
5674 2556
9671 6451
8933 5986
1257 1077
4850 4823
8557 8691
4121 3787
5291 4902
5353 1388
8268 2536
3299 935
3011 9247
3636 8189
9668 4544
1420 4230
322 8619
2228 2384
9471 5017
7247 7973
7413 3618
5549 4424
2425 4271
1276 356
5486 4953
51 5874
9445 6036
3693 8787
6273 759
3866 4388
2472 2001
9303 719
7923 3605
2833 8373
9756 1910
2972 9926
8465 531
8401 9725
8889 4549
8621 4332
126 1834
7227 4145
8965 7404
6079 7343
4084 402
7982 51
4650 5638
5309 7260
1453 9708
8654 306
801 2026
7252 4198
8685 6257
2663 2965
1643 5375
6354 3006
3079 4487
9568 2771
47 6566
7263 9708
8680 329
1746 8994
3462 5875
5456 2956
734 8912
5280 1714
5020 2321
2274 1790
5755 8751
7533 6965
1924 2177
938 9775
6546 8856
6555 6634
1681 476
7510 7400
8546 1853
9143 7240
3953 636
7009 321
8904 8367
6372 6175
2450 4256
5750 9806
3055 7557
5009 7223
8561 2490
6551 1469
7020 9634
1872 9748
2362 7284
1307 7455
3123 2266
6421 4520
2368 6918
774 4967
3791 7171
9725 602
2086 5742
3354 5273
9456 1320
7540 1882
8469 3058
3254 9521
4496 5262
1142 2788
1959 7054
8560 7669
8305 6974
5986 5133
4000 4403
4745 7284
5298 9850
6808 3997
7152 8801
9420 9082
5481 1984
9933 9371
3883 4983
7709 7973
199 8054
7549 5155
5307 7327
2372 2135
9757 8337
6078 7321
9886 4673
9262 1514
3023 9270
9325 1390
65 2330
9466 6044
9616 4526
2024 2656
8630 2403
5153 7305
7939 1888
8295 3531
3755 1860
1832 1353
8159 4839
1431 7375
9728 5799
3511 2229
8098 4861
915 5927
5838 4565
6968 7959
7160 9723
5325 5726
5264 4192
9988 211
7995 6199
4517 9827
8922 2647
7559 7556
858 3969
4367 1264
2647 1027
2218 3294
9377 9808
8436 5487
4613 9432
8718 5811
9260 9038
8187 3586
6173 7106
969 5723
1498 8902
9643 6764
134 1362
6589 610
4550 9339
9545 7161
7411 2891
4633 203
8223 6416
2394 9963
6903 6901
4772 1250
5443 3511
5923 2195
7387 7964
647 7824
6734 2037
3415 7700
8560 1844
7635 9048
5731 1460
1497 163
1068 6002
6470 7855
3377 5272
211 9853
6116 2
4321 2726
2281 9191
9484 6729
8175 917
3237 1361
5510 6547
9812 6922
6842 8779
4078 2920
7114 8382
5313 740
5790 9857
5503 2238
3072 5823
9951 4582
9231 1493
8687 5769
3286 6339
9389 1679
3740 2836
2185 7822
1155 3628
2723 3078
1170 6534
1761 7474
8667 9243
6935 6494
7688 6591
1448 3069
4339 5838
1635 6469
7149 6030
3954 982
772 5460
613 6358
3649 8847
2395 7712
8623 8249
9097 8016
1565 3727
7544 8329
1046 9338
2463 2275
6166 746
5971 5592
2035 3398
3223 5477
2564 8265
2399 6164
1800 3291
2367 3932
5753 4171
3723 5427
233 1130
8401 7246
7449 9938
1709 2173
2630 6075
9638 5261
8686 8757
8392 8865
73 3038
2351 7479
125 7562
1315 6084
8314 7808
9600 266
3004 2970
4476 8613
9143 5318
1096 7112
6199 6991
7306 3798
5865 9030
4371 520
496 9133
3730 4230
570 3149
1769 1532
3415 2131
9039 3820
2447 8817
129 1797
5246 7288
5260 8462
2369 7728
10000 5219
8385 3039
1818 4578
1213 6342
7935 2228
7132 1840
8863 7966
5852 9627
3235 5701
1066 6307
1259 8942
7735 6078
6724 5506
7551 3947
5998 2829
4259 3325
2364 5774
2879 2364
2620 9533
2541 9473
174 687
406 5405
8291 8011
5302 1713
1263 5227
8150 1537
1809 6209
9239 5670
1299 7837
8123 7257
7988 3939
1215 3789
6872 4488
1251 1499
8852 1009
6900 6921
2926 7136
1346 4242
8757 690
6918 853
3088 6126
647 3023
2147 8252
7180 6607
6809 9855
530 240
227 63
329 504
516 202
107 336
293 995
748 902
100 402
612 968
596 241
835 188
990 174
854 510
88 572
145 502
656 801
224 797
814 891
637 851
148 138
659 213
470 987
885 722
483 96
427 486
972 972
155 427
968 6
734 444
988 694
761 492
363 561
990 535
508 19
560 691
882 173
143 485
117 851
902 778
600 27
677 272
385 75
94 32
229 285
278 429
561 25
683 135
993 894
307 373
382 39
376 67
116 289
271 767
126 839
748 4
33 943
193 92
678 365
405 109
121 76
59 543
211 105
515 828
478 896
941 678
341 19
953 626
727 74
239 63
938 841
596 409
368 9
64 566
892 652
516 56
509 480
542 313
223 968
629 609
991 284
803 177
421 651
383 125
542 858
607 450
766 45
853 266
795 742
325 304
530 325
300 119
314 530
151 212
930 743
761 559
459 416
410 605
9 116
60 5
830 809
159 516
49 524
367 222
885 68
473 936
196 983
715 665
251 399
302 344
53 253
801 991
403 161
526 431
481 885
798 197
977 775
535 67
450 409
398 972
33 792
782 136
158 75
770 594
224 275
416 598
88 476
798 369
934 121
556 447
245 127
532 220
505 332
946 143
617 345
517 958
979 856
209 331
578 799
800 59
746 957
615 747
517 390
727 650
197 659
140 212
854 721
803 184
517 9
26 520
289 737
226 35
128 411
752 721
44 471
667 343
936 646
267 780
890 878
25 50
481 501
960 167
421 327
448 962
542 595
950 304
718 737
370 644
350 314
849 162
235 286
928 61
945 640
997 212
937 640
123 308
836 691
26 52
102 644
707 227
173 11
104 953
657 437
819 737
565 677
512 110
811 964
111 787
397 541
21 338
151 38
415 830
820 572
590 952
930 542
848 380
665 542
753 144
689 925
81 906
329 253
195 422
359 619
144 801
813 963
616 938
874 123
862 725
72 330
686 39
510 771
796 835
808 165
953 284
287 547
127 402
221 399
285 303
956 584
232 475
465 840
604 689
757 627
251 199
733 34
656 95
445 126
641 320
189 31
658 256
898 640
203 33
155 524
390 732
515 273
664 285
31 129
659 668
78 627
689 503
869 247
913 412
173 594
909 24
339 505
961 52
149 24
79 241
681 631
228 2
182 571
597 89
657 349
261 469
277 842
217 516
954 614
467 685
958 859
766 970
141 452
693 583
141 3
520 719
477 526
350 41
993 341
386 409
204 865
303 386
507 236
419 707
920 224
905 632
278 117
82 520
222 403
4 362
608 909
213 681
388 58
892 802
911 242
233 890
108 525
103 178
907 392
85 372
668 857
61 910
554 563
373 112
277 151
159 830
784 343
545 383
122 154
477 538
222 590
14 293
700 980
638 641
59 356
208 282
21 41
518 532
105 91
121 799
984 51
311 403
430 256
572 427
782 354
656 883
305 797
118 92
740 302
31 976
628 916
345 485
209 471
661 2
366 407
360 386
499 949
703 431
259 66
948 154
689 468
378 539
670 437
427 727
886 586
696 769
669 97
522 536
623 821
948 748
728 203
64 187
649 924
835 289
892 598
17 116
478 905
708 811
780 48
2 658
48 901
176 802
206 350
748 788
195 387
290 731
844 434
218 254
232 680
495 960
149 387
303 3
583 520
442 34
198 668
249 489
481 496
793 554
511 756
277 131
969 579
907 237
468 438
629 389
339 797
212 687
752 329
827 671
334 543
386 164
155 896
58 787
459 690
434 906
547 171
658 137
765 469
581 529
553 607
411 829
755 201
382 792
229 943
59 92
189 511
165 578
631 914
406 452
98 75
165 956
814 696
203 827
548 85
954 110
410 793
828 96
800 726
145 958
302 981
973 103
258 487
235 542
183 235
753 209
414 573
267 993
186 614
153 364
991 444
889 615
219 552
618 719
240 95
304 971
581 716
605 689
363 436
30 92
808 736
114 565
726 567
921 686
493 970
787 725
577 759
842 766
67 470
329 66
318 675
266 74
660 263
597 118
766 11
631 918
98 30
437 736
169 425
242 648
313 891
84 739
526 791
578 697
451 998
55 175
931 592
324 441
566 952
662 251
310 347
145 371
368 861
748 22
852 859
301 663
211 855
459 476
372 921
632 860
543 387
399 672
80 709
346 426
119 654
981 697
557 453
377 839
838 450
11 555
329 78
800 404
297 731
326 934
161 169
636 14
423 644
275 938
877 329
637 43
967 869
644 322
635 113
533 757
357 837
175 442
239 919
893 849
652 438
14 483
886 98
175 257
970 997
105 175
448 753
730 978
742 997
371 390
132 480
474 760
625 46
392 620
622 990
469 402
884 728
898 15
702 721
29 991
393 744
145 572
870 706
861 194
233 711
707 868
585 765
181 634
555 478
139 28
659 181
962 58
180 963
160 842
698 951
315 426
883 144
698 187
604 651
111 614
604 926
375 250
510 224
588 837
171 940
572 822
637 553
709 809
685 160
670 182
553 978
311 622
252 134
746 226
541 865
975 64
894 492
361 944
178 519
599 54
585 428
917 253
766 745
955 161
877 638
667 509
692 602
221 595
94 138
951 528
739 996
514 76
139 678
798 808
966 638
184 231
698 956
452 60
485 774
299 227
345 52
251 152
489 486
436 589
527 731
632 604
271 522
480 870
74 437
88 703
886 280
233 250
127 73
298 926
406 599
471 656
163 74
863 20
181 2
780 284
407 43
282 599
207 385
854 134
287 604
673 46
669 541
700 990
224 375
5 15
302 414
592 422
567 45
916 283
130 495
209 951
956 129
177 139
170 398
881 311
160 509
247 57
301 899
314 552
108 171
158 799
618 949
308 326
994 596
313 673
545 249
359 549
420 45
990 172
119 236
480 932
341 504
980 472
991 207
965 982
944 595
242 788
218 495
235 882
576 671
930 278
45 827
635 574
13 380
728 133
639 423
949 569
640 986
683 318
265 783
946 855
701 981
117 319
116 484
833 91
387 522
16 936
100 976
711 221
696 880
836 745
675 598
911 811
904 31
771 376
522 489
228 729
463 34
126 775
932 174
545 741
182 321
283 319
866 784
585 468
573 49
364 143
352 933
505 273
608 383
872 427
408 854
699 987
520 468
452 929
424 133
584 635
591 425
749 462
120 49
729 67
100 374
845 781
481 851
350 542
605 654
292 159
145 358
19 859
788 281
312 242
729 37
920 225
157 954
611 755
25 130
852 449
763 803
795 459
75 549
145 183
181 58
3 593
55 421
401 697
188 430
767 83
720 887
398 325
113 938
735 289
267 812
284 158
303 300
241 251
905 78
875 811
799 392
744 930
29 257
603 718
882 934
14 864
270 90
218 340
375 915
241 92
456 449
491 539
397 289
727 584
402 272
270 497
971 582
496 519
853 15
437 311
279 890
14 133
391 954
467 192
675 839
435 287
11 74
729 721
443 102
661 327
317 15
991 152
495 339
910 750
625 147
128 671
569 145
41 638
36 196
667 958
854 65
127 816
579 60
710 752
14 944
788 543
829 30
320 668
672 942
281 526
944 41
291 783
438 409
381 702
10 606
398 854
848 23
987 931
498 987
160 878
225 740
422 994
405 328
778 216
85 770
908 390
443 697
517 264
575 723
1 363
340 147
605 99
992 656
179 832
787 367
418 112
997 694
411 935
638 504
840 972
925 553
396 195
220 553
108 594
459 340
405 802
191 889
593 897
853 201
198 24
844 143
938 723
520 320
69 205
496 164
355 415
519 623
751 608
519 31
903 147
90 708
610 316
719 585
444 734
576 179
627 942
546 446
538 739
647 147
4 589
595 215
860 369
110 43
243 814
108 747
878 426
137 567
980 719
381 428
287 75
159 17
430 761
906 523
686 244
547 690
841 514
185 351
388 179
382 20
410 505
282 403
925 550
498 332
680 792
650 845
34 935
629 586
761 252
928 254
808 193
793 820
729 682
302 336
896 445
159 443
417 692
186 118
255 655
909 535
41 418
610 347
452 386
208 965
54 621
299 112
300 669
257 258
767 459
812 32
646 691
802 289
700 808
874 138
677 802
486 944
994 301
936 394
397 21
246 151
51 623
907 155
832 210
327 850
895 311
785 201
959 483
589 689
971 265
46 947
341 121
706 66
318 457
10 264
951 969
440 651
176 79
603 376
716 820
485 315
577 861
140 434
166 765
369 73
173 113
494 475
761 271
136 770
981 606
221 41
4 507
460 905
940 585
559 810
553 484
43 287
637 75
12 500
370 993
631 619
140 647
343 437
960 296
278 204
305 704
994 396
939 45
685 785
654 690
55 345
986 280
241 9
560 197
392 681
684 356
826 633
11 690
552 685
573 839
447 110
480 89
867 745
705 433
604 847
511 538
909 360
85 615
107 362
506 458
695 798
545 823
677 235
610 501
689 858
796 47
137 716
163 846
524 915
13 643
984 52
382 675
365 342
223 996
344 630
562 223
142 178
519 381
631 521
750 250
816 920
659 441
688 128
289 18
955 213
101 287
287 621
974 701
759 884
404 618
651 515
352 907
150 371
201 834
797 199
440 361
54 33
516 105
268 313
840 762
601 824
746 358
973 767
935 932
809 262
963 525
525 384
361 557
264 936
492 491
99 931
317 888
184 505
203 747
553 32
237 904
60 588
545 865
432 853
657 533
381 600
297 661
256 31
570 123
986 304
830 186
223 553
508 346
579 602
82 809
262 340
848 129
974 301
704 518
684 393
345 908
672 833
991 634
754 635
630 36
298 640
840 894
453 819
457 830
137 951
547 18
732 231
197 313
186 153
988 483
619 804
169 311
226 609
530 946
343 127
634 910
288 874
122 140
927 194
441 58
32 766
922 84
665 628
273 464
178 572
786 30
692 644
399 858
194 292
476 746
594 484
757 572
658 769
50 903
21 597
276 504
596 593
395 354
69 700
201 360
566 885
751 31
612 526
870 844
250 6
573 390
144 458
518 485
342 967
477 495
351 40
343 860
271 519
822 672
573 800
555 18
799 740
527 55
186 465
35 101
581 250
692 10
728 824
906 561
344 99
919 350
236 522
247 594
345 920
775 722
960 272
553 243
155 361
244 512
514 440
87 275
765 124
625 87
607 826
453 310
506 347
693 853
999 636
830 989
587 962
865 269
162 479
23 809
828 358
972 207
439 649
336 6
73 558
245 727
575 859
628 353
959 219
258 138
576 701
160 330
293 694
9 475
981 596
386 821
522 402
869 194
666 531
103 794
111 731
549 138
513 899
21 938
519 744
643 210
134 908
20 934
92 696
402 940
748 845
3 161
446 482
109 551
710 897
406 904
678 778
788 170
435 232
202 493
639 236
51 936
642 200
722 953
494 170
486 846
410 213
739 345
384 905
789 964
924 122
149 596
711 393
822 424
835 625
386 57
268 959
933 176
343 733
879 255
253 170
84 39
48 444
24 996
837 1
557 951
835 367
759 737
886 813
109 629
506 727
489 580
165 382
975 890
898 858
27 387
273 623
150 435
832 878
156 591
86 247
799 379
597 535
977 30
109 875
564 387
554 367
569 410
916 608
588 441
317 731
821 184
846 645
612 850
77 309
774 478
468 976
703 400
321 588
26 282
668 870
911 408
51 419
637 696
486 255
372 8
392 813
264 623
277 42
791 412
821 97
52 131
997 834
260 417
15 146
496 879
978 531
914 193
1000 294
754 560
739 943
655 888
162 597
365 466
1000 188
329 700
628 469
933 390
149 736
923 848
317 68
453 646
887 190
483 151
931 372
68 344
936 866
418 20
702 557
22 197
673 854
910 358
51 203
942 431
69 679
391 226
919 948
831 75
453 921
667 378
615 155
883 142
280 410
162 871
128 72
191 845
214 393
440 618
753 370
96 685
797 71
156 791
416 726
680 852
354 605
283 518
578 796
114 161
729 760
68 960
925 156
397 669
849 1000
319 537
458 685
808 939
185 898
9 924
45 401
753 772
385 526
683 62
48 881
582 803
131 953
282 162
943 553
785 641
612 116
539 617
755 423
706 184
33 547
328 696
349 188
638 294
1 401
322 541
644 227
302 410
765 736
927 795
345 145
611 410
806 430
68 819
204 328
56 266
262 883
24 78
864 29
22 366
161 11
369 789
193 35
417 819
926 542
29 166
74 946
974 522
387 566
867 228
346 411
970 453
122 792
801 295
588 112
747 756
950 655
639 661
555 144
456 212
882 462
986 969
66 678
162 571
453 947
146 270
279 929
3 856
417 65
458 563
879 205
872 473
527 682
372 838
107 504
299 436
997 734
787 197
371 549
197 134
942 46
646 344
908 742
706 682
576 440
40 613
243 933
724 730
66 784
986 515
150 956
200 208
537 747
279 374
893 753
477 46
753 660
562 786
365 105
796 314
513 918
398 721
249 819
405 488
975 109
509 588
843 513
179 93
812 317
936 608
1000 374
308 884
258 769
443 964
450 943
143 883
569 574
954 815
248 762
473 908
481 288
499 415
113 212
582 559
481 931
30 871
305 740
551 6
758 948
987 138
476 249
28 32
225 468
870 207
170 747
903 424
348 636
815 444
674 296
139 227
246 129
191 788
892 349
458 347
643 46
961 885
407 947
77 761
771 983
679 77
473 278
68 50
998 589
391 313
145 893
200 369
676 274
564 847
872 127
399 567
658 637
244 326
346 726
167 738
725 922
831 374
427 106
656 14
999 454
74 462
649 97
38 566
116 585
366 962
201 600
554 393
472 888
149 719
442 656
368 8
157 655
96 547
59 410
281 960
387 713
769 673
379 355
404 489
859 35
341 66
115 569
571 137
198 35
811 870
975 450
426 469
347 525
484 494
683 213
46 835
242 476
363 932
712 31
445 853
143 506
201 730
665 123
917 927
25 442
186 34
108 676
621 572
618 415
695 505
427 465
476 522
862 365
816 390
938 145
975 935
273 953
74 462
553 860
355 696
183 642
215 635
333 940
380 196
912 571
217 728
662 259
595 777
643 464
891 262
703 895
261 209
474 353
829 925
201 945
552 701
428 325
763 408
196 417
908 362
368 317
514 205
137 263
426 76
896 225
918 850
761 404
540 985
89 963
96 870
749 809
155 55
275 947
303 460
232 919
710 135
965 581
386 803
625 853
764 998
942 920
671 481
155 528
889 245
621 637
742 655
57 256
316 55
754 345
236 791
526 583
288 199
750 583
540 581
682 455
720 194
281 89
374 323
94 168
701 669
273 106
459 94
766 228
23 882
103 411
408 813
838 680
981 770
264 868
625 297
909 895
928 256
160 637
751 673
512 711
964 799
556 437
697 582
643 184
872 126
429 368
788 857
57 237
92 230
777 716
400 947
430 549
72 342
697 372
469 668
85 1000
692 729
773 148
734 786
891 740
899 857
626 208
328 716
545 691
636 318
251 885
377 595
52 439
686 54
837 863
799 10
269 743
17 322
324 977
686 56
655 949
89 235
405 112
343 754
629 66
657 571
147 153
164 655
664 4
476 602
367 160
871 685
330 694
828 45
955 503
909 813
815 222
919 505
957 913
46 16
188 391
815 429
705 715
372 269
308 639
1 76
637 31
245 546
519 147
503 542
756 657
305 226
769 109
871 255
131 568
907 693
17 138
955 232
75 854
794 990
587 386
506 624
867 436
896 110
226 823
756 564
751 921
927 922
639 767
608 498
257 534
388 946
895 841
119 43
403 871
330 230
977 209
421 791
342 445
887 476
146 245
359 402
34 287
362 796
421 199
786 798
830 338
317 30
539 833
865 885
270 449
219 398
860 311
373 110
258 116
914 241
958 40
556 289
676 489
847 862
783 699
652 633
997 302
528 726
129 50
442 97
530 442
371 794
22 652
312 966
467 641
550 292
340 782
121 74
83 621
15 60
220 119
632 200
854 238
258 43
298 614
945 644
735 408
564 424
895 145
937 483
121 878
202 65
124 658
10 904
759 996
722 728
869 275
447 411
45 139
565 599
847 766
561 749
946 455
912 930
913 180
256 691
218 677
421 218
897 38
50 291
425 249
588 749
527 172
487 865
269 264
895 587
538 616
349 46
192 345
695 510
610 721
485 431
716 948
605 205
170 876
574 376
621 626
261 753
534 72
939 296
857 399
59 671
645 190
399 861
86 278
668 520
910 820
801 620
338 274
880 198
698 219
10 633
922 808
911 480
181 694
101 872
998 403
64 640
631 658
59 669
973 433
369 791
598 36
87 224
720 621
120 989
556 162
949 30
906 26
706 355
394 745
470 493
761 491
299 367
368 724
216 256
489 475
35 234
916 331
259 69
833 582
865 705
25 618
62 473
582 716
91 750
331 906
738 220
831 727
339 864
896 402
173 612
830 393
406 433
531 609
803 350
961 501
903 993
22 440
473 12
462 669
43 883
307 335
798 904
604 184
51 62
565 100
308 668
702 507
546 30
566 594
148 516
160 36
521 913
250 230
416 324
220 891
87 721
750 381
568 188
927 871
527 539
223 939
737 118
526 947
751 132
216 500
136 131
976 375
869 234
289 753
940 788
213 304
686 20
738 184
91 52
824 425
296 288
992 831
991 995
706 564
274 626
139 644
738 605
737 968
389 888
892 800
615 31
229 200
296 382
313 888
35 941
383 386
555 491
149 593
472 880
260 2
552 184
513 638
887 468
636 877
516 173
787 538
841 572
901 902
538 191
885 324
305 960
236 883
494 393
933 779
379 392
337 75
394 3
710 250
171 963
912 975
449 970
163 291
446 241
247 435
398 37
270 644
579 407
903 272
768 185
968 421
941 612
949 652
6 532
984 102
141 690
352 720
431 325
845 923
274 300
526 604
683 93
703 691
886 813
589 394
68 165
801 193
909 839
973 476
964 215
931 888
655 419
545 252
555 632
541 774
166 916
174 384
914 573
404 839
355 768
902 657
6 550
603 393
665 375
242 292
804 69
286 702
128 276
939 816
446 1
209 598
964 793
630 945
906 488
692 598
524 616
94 397
994 96
733 28
519 994
158 39
387 115
155 454
918 965
197 497
405 806
55 172
117 193
222 24
643 853
527 101
984 280
88 470
328 156
897 938
845 419
458 126
840 116
323 423
188 251
8183 1517
1950 451
4596 6565
9155 2778
579 3726
3448 2098
7722 7111
9829 2635
186 2998
4637 5897
7585 424
5480 2536
4870 1861
3973 6348
6766 4328
7426 8765
3252 9378
4476 1273
9452 6468
6306 6714
8426 3683
9783 5822
1547 299
617 8549
2176 7024
1683 8357
5938 5341
3364 36
7448 2784
30 8975
3015 9
7109 7611
4973 416
3177 7225
2285 9732
839 6799
8870 5283
3905 1260
7871 578
7947 4423
7496 2013
9277 7378
5199 3226
6221 5875
22 2873
329 3175
6118 2064
1629 1200
2020 5866
3337 2472
8964 4706
2958 6728
2974 5610
1725 9485
3954 844
8 1149
9185 2018
9396 16
912 2351
1345 8900
5316 5466
6943 505
6213 2445
3656 5963
7469 7095
5227 7799
8291 3767
8114 4169
3933 1770
6010 8058
8740 7447
5872 498
993 5198
3725 9750
9424 2141
5540 9508
8811 924
7242 3373
4071 5642
672 7877
239 5987
695 1778
395 7446
5042 9458
7202 6487
9764 4529
1863 8304
4521 264
5200 3465
3286 7735
3993 503
7076 6177
3110 4769
3508 8572
5282 1238
4106 6996
7470 2747
4977 6485
5557 4664
5200 8851
