1000 1000 1000 1000
34477 14281
30341 33153
52130 11363
63168 58317
81737 11974
26075 98254
68802 18937
94459 23795
40676 32296
94733 87959
8443 85166
61171 49261
63259 51115
96466 99846
7143 27573
71839 48096
90620 91998
8222 78627
38869 65395
65510 85921
95232 19134
94516 45442
47378 92317
53852 21617
59448 61711
95757 89556
57098 87092
50931 26024
65121 88917
48292 3548
86104 99928
70797 51697
33508 36839
16963 60255
47120 10088
27824 70112
35527 38342
40161 80028
96904 26799
13198 24595
77955 89065
55727 68315
43721 17384
31302 93588
71233 35750
48297 93580
99569 32886
79174 8351
94038 15685
78475 43793
73334 1954
81592 95092
19920 32257
887 47959
60278 26440
32040 47246
86342 63981
55710 47712
80539 97192
25696 43376
62192 67460
29113 17347
53350 14118
9895 41087
3804 89069
11587 10607
68554 81877
37545 29945
71361 17161
53067 69082
63543 54958
46459 64060
72024 84795
17883 9406
42237 50806
21275 74872
5499 87439
78248 411
21251 389
70903 39623
78325 79715
47008 56816
47990 79763
3870 80299
84686 26234
24029 16027
77851 27413
95817 52251
15336 28618
55483 73463
33688 73388
71378 68346
46868 98387
88528 20540
37351 27365
29585 9416
84949 63348
6917 1570
72219 66613
64989 43848
68013 10785
29403 56848
65175 60440
19276 64556
9233 36939
7448 21251
85881 25953
97008 24970
58084 67859
80619 29556
64080 56505
60198 52065
57394 70929
93323 90682
15167 95016
68805 81317
35272 51137
3945 93747
88932 14432
88843 58513
85621 29447
83135 41190
61255 95945
85661 78464
82176 88247
94368 54533
24138 22192
71536 34686
58613 63220
10879 90792
92717 38360
79869 30046
39545 39676
85533 73752
7780 88033
14425 18127
7071 62734
25071 80795
85503 9548
85900 13939
30603 44324
58178 51831
10040 98867
74214 93950
71832 48525
6656 15163
68987 85484
49703 49599
45905 93545
86815 18787
7197 61122
69877 31036
75124 45073
72119 76146
47098 92198
18513 82121
80313 6697
82055 5556
28674 79566
20735 56654
41209 20833
34640 87588
11776 34332
84660 2519
40215 28292
53334 83495
74160 82655
13713 55771
29706 80756
11204 95126
67088 6510
57767 74833
18155 76098
7127 86538
74153 86016
15026 77409
37406 34320
15748 30466
9871 53834
75170 43818
82335 3054
81167 54362
59576 77366
72850 2624
21752 94016
69257 84352
77252 78071
7189 56985
30227 27829
73429 78842
5775 12505
70047 991
31742 33002
10328 46800
85247 60953
24649 74218
90058 63732
53298 66327
85580 89944
44495 96960
26332 4589
60532 15639
81378 73026
80169 31725
26797 22619
82429 70799
20678 94617
64862 95309
69355 62182
65523 24297
70249 20927
13773 29885
48464 93346
9138 87623
59015 62514
54540 60920
78536 62005
40540 6457
81818 72893
90228 25855
49502 90749
53018 80405
61922 34158
96472 45092
92214 21937
3284 13453
51818 41876
38851 78104
30512 27164
66414 24010
91166 66328
41997 27243
54155 4061
28495 83114
58590 66850
92108 45680
24813 83152
82681 35717
28746 80408
11747 95603
47558 8854
86041 53219
33301 293
1827 15125
99178 94504
2295 44684
47921 84191
81644 95319
50959 22294
33601 12323
3008 51756
19783 34490
4845 27725
23075 21616
33097 94729
84162 60009
80753 61720
85164 93583
82422 70471
65271 50518
60527 48132
20486 51059
85073 67424
96807 4931
80649 69851
83142 5108
83926 74075
41179 47012
79434 37883
53217 61685
16883 49723
29911 24085
52046 21351
36522 70393
14446 42418
18557 74980
83665 26122
59831 97645
9339 37897
86551 31597
83682 97546
75117 9798
21692 92819
76436 89960
78659 19295
37772 18660
24116 88667
4769 26682
58396 4099
11384 85823
23700 23743
49664 54172
39112 35572
21907 71366
13331 64665
35802 98338
24641 10889
31504 37223
6064 94531
6872 60166
92977 81741
18070 18666
18997 20509
97106 29035
80592 92452
34776 14202
19146 87065
11536 40316
72158 5416
93005 91270
21067 90400
41045 31474
23261 27256
56999 4863
42241 3211
10899 10344
6707 87149
61277 54128
64059 80377
69393 38618
17780 22422
40721 77324
56480 30549
44441 68963
3437 26038
89132 76755
55459 5171
43341 38258
46483 94685
38982 75547
7867 1308
43627 21560
98241 20170
81629 26605
24991 95016
12203 12693
82055 89143
96730 25606
76914 74601
2472 78896
62910 50506
36567 1825
16954 20033
51132 91246
78332 2731
29967 76244
52809 7778
59169 3409
78722 85936
42484 5881
93208 95137
53053 78041
24558 98347
81604 66589
15270 83116
3174 8270
66779 23519
33690 15533
41295 26799
58152 5272
84576 4693
37136 55220
87704 75358
54284 83039
30266 2324
81649 93469
31102 5049
40041 73679
69342 32825
42231 8713
79129 77458
61868 96700
93189 36585
73928 16051
25943 92176
90638 56646
93637 33353
49213 4008
82185 40893
99605 93481
17203 27183
314 10770
30921 32385
66729 25718
47792 84904
31686 46377
77833 54163
22771 8837
12745 94882
22584 41972
87468 52059
80305 37004
25441 4725
9651 99739
24597 53239
13176 76121
82470 23055
21312 30172
50563 96966
48418 46669
17386 99714
69529 54858
15874 17980
2578 3665
24109 79127
40561 1280
59212 71595
15201 29847
97209 80735
64870 42702
17871 41569
7086 55919
41033 25176
11956 80324
22886 59087
7034 66101
15220 9814
54123 45872
38424 94938
37229 80437
13529 10376
77801 6680
79255 91706
21249 50672
40323 73406
42360 81486
74388 59843
52582 37781
71588 23102
72768 45546
9401 74066
69178 23474
61901 21215
73788 12900
8676 41246
77856 7607
71693 40527
75017 82570
89724 81166
57566 1019
96878 50743
79371 34261
81367 7340
29977 24745
40748 18521
52638 50793
26482 69783
7893 29378
71790 37321
32847 57651
84862 73453
26288 49442
47107 50126
54366 44185
54311 42876
85214 53720
49973 62677
7365 94797
25929 28075
55029 22527
93942 91533
47470 24446
56458 31658
66114 59452
90212 49445
18912 7119
68766 17371
7479 64320
62080 31901
22890 27908
99385 33839
23499 36684
30169 36870
67886 40557
64963 51386
69926 69416
84719 68719
90599 26574
97717 71680
26518 77663
77867 58099
80200 60362
7675 11832
84659 16114
64818 50688
30213 72338
14821 77275
36993 65220
50142 66408
43990 57412
91761 8472
65815 93230
27914 81219
89577 95052
92080 501
21800 67948
19864 86989
37844 99427
3456 59845
18704 72033
18795 57904
37332 3843
54385 29762
74164 11230
36570 88122
28730 68539
30656 64959
6662 45764
27923 21308
17935 46410
91015 14866
46987 67108
85503 33137
19962 68956
66915 83858
8649 19638
28898 72198
7754 72194
49383 13345
23664 68757
93079 52416
28153 91741
85141 6933
71681 19894
84974 53111
43177 61117
49890 55675
87723 67262
98372 97334
85889 56794
53594 37068
77561 16656
28941 85972
61484 23052
56555 51130
42760 32443
218 43445
96803 55728
80875 48411
11911 39945
95224 41085
77720 62298
3060 32378
78654 89911
80985 59587
24847 54722
32895 97757
78185 47844
41534 53524
77109 95537
73845 94926
46740 65492
10842 29706
43347 92583
94733 1825
45026 30109
59190 64073
99687 53963
35532 42262
22741 30435
33911 50290
65747 77462
18161 85831
60714 30322
24272 45766
4602 19260
91544 26758
33015 46703
5684 73965
30126 89938
35064 34001
1874 89010
71538 70986
92965 53891
66633 87561
35867 28111
88901 51281
54142 80188
81154 22061
80714 25761
2845 74046
48048 3440
91620 35252
89810 83466
13007 91611
83964 4684
20582 39428
98471 57521
50331 24493
39795 92060
4843 19480
16902 10984
34112 45845
85358 11233
13996 28760
49347 81539
23414 53759
63338 81520
50598 96817
6449 51684
25124 20362
30123 85191
80930 74658
50960 8165
52055 35682
69411 68909
53200 86552
31365 45031
10077 53045
47338 59771
6529 53420
47445 12488
31271 41215
2666 45398
77956 15407
40650 87768
82410 28603
50850 78508
47947 4394
87092 16216
85985 95182
77072 96544
71061 34606
25446 80161
48666 47180
2663 43235
61558 84291
70987 73430
20049 54729
17908 28679
79217 5966
79234 24435
99980 36886
73140 78335
72747 51229
92525 56342
50160 2885
88971 6487
20228 50790
67216 29100
59511 9246
50771 39803
33855 15547
32789 70652
16906 43674
14986 92667
27849 99801
63418 80632
40644 49994
18206 434
29816 96528
22602 6298
52820 93084
64922 47550
81769 86978
17716 92408
28771 72708
19250 79799
21695 17767
37740 38773
37025 18371
84991 92685
75962 70492
88964 68874
2481 90921
20445 19487
41473 32760
85180 97814
10587 80189
92193 58577
4727 76511
80104 94139
30962 31349
83454 86510
50256 61303
77726 47398
66915 56992
98991 70814
99647 75890
25988 62109
57088 40829
55244 32084
82348 21541
85172 88
75943 57723
54911 51699
57131 53601
42042 95220
53471 70542
63239 52031
96150 29212
69299 3089
23867 70782
49398 97953
30603 32901
1954 56483
62661 79585
2294 93176
32843 22078
21854 36923
39454 56027
2439 94444
9339 16270
11235 55891
74523 72446
22028 36234
71660 4087
84450 87740
74819 99065
76457 20585
72326 7066
81464 88289
59547 13533
5724 76581
9441 30367
46395 36213
23981 49786
99862 9195
33417 29464
71430 25545
13288 22860
82225 61615
60927 49418
76345 89297
73562 61836
5887 70502
88056 59535
17606 62735
21095 99979
57702 28405
70800 80193
36669 47967
58875 4567
6558 5785
30942 79843
8007 3318
36527 4962
34228 41633
86364 56597
61834 13445
10382 44132
14534 42286
57881 35361
74448 9545
93222 25705
83652 46723
7525 22947
58314 29945
37529 41724
82003 24330
37619 93366
71850 58755
29108 3072
71463 13329
14187 43299
57429 96042
13613 34249
39063 26786
50589 43035
73879 81136
5026 93986
28265 91872
13555 4359
13866 90225
69199 3044
38705 32102
1742 64598
39355 88278
4705 3820
52438 16531
77087 11029
85736 38571
62079 42695
30343 34003
31431 92981
93555 81273
86863 51945
35479 91860
62059 95737
13023 48318
70408 51519
22171 77004
52500 2662
75367 77412
29488 30475
47613 61079
67562 63185
83917 18750
29626 86555
65578 81252
81327 38492
94666 95980
87924 97137
4122 89533
93777 65268
20563 88905
15499 95133
99748 5435
11119 23750
90115 75394
36695 44860
25307 79707
61127 63084
20628 51358
18579 92425
50608 31986
86008 23185
64686 17336
23915 89316
87457 14128
28928 58707
56926 22142
88692 80363
95315 31940
33656 37885
71816 37300
72023 50602
64427 5620
18882 38230
54069 60511
2171 84816
19674 96854
1425 43400
5274 47240
96542 10699
80500 87853
94549 58731
26722 92559
88401 62946
19576 16297
24180 90953
25851 84546
52754 70992
58733 28106
95750 37108
36679 47609
72946 61071
64737 44932
43872 97093
13001 74473
2753 26455
22692 3021
50763 92886
74060 72577
24629 5420
26987 78226
35342 52700
39593 58843
92741 13252
95727 23292
87283 35216
10405 88110
20610 84157
89267 76640
50259 80638
77886 28094
5006 27621
3799 5087
70658 30298
51745 11704
81914 94308
92274 36412
3786 88603
20437 27908
81692 62229
85201 26569
84453 72881
79488 28412
43938 51002
42540 17982
78705 67995
92240 12080
148 73323
16086 77883
21257 62589
15726 92975
55154 19623
56667 21180
71249 22655
54886 97758
13884 26835
83990 23925
56935 61201
86842 97752
73271 45799
69278 74607
76527 9065
73232 16754
62227 15631
60982 8075
97441 59733
39671 9710
60999 97667
17463 86954
24257 31054
4094 49779
43110 37163
26437 98914
28499 46133
22258 2774
19155 72440
25546 31326
37041 69108
43482 95452
9957 65309
79719 4316
61678 20371
90228 70195
26838 29543
62620 31124
1443 98096
7841 38856
83498 20673
39923 41006
30384 16230
73005 70932
7599 15888
72888 11873
23499 79084
68777 28163
26211 28881
22444 20194
11333 71017
68143 81689
90371 35291
81249 65390
54762 77137
78870 86411
44848 17314
12334 75446
22253 21469
62936 46697
61651 99128
28416 56494
1101 28570
41124 43211
57849 48626
93732 8280
30757 4221
63257 70728
3538 78809
16502 84165
71014 93682
53251 1120
26016 634
95345 30368
90240 92464
76108 55357
60859 32977
64055 23472
84326 88792
5096 14120
3166 52348
58548 83254
75762 41639
83505 17835
59216 42037
10487 78505
28020 47236
31445 46778
34679 67130
34306 28782
55388 55118
26632 14683
37888 24101
48628 38568
1675 71819
64898 15880
85600 36811
67832 97565
63013 93988
94646 35517
13470 35629
41565 59916
53868 40884
28120 58472
90297 46376
94560 85814
86561 60390
62040 99747
10857 45558
32755 70553
44241 71293
51866 84476
75715 3513
40373 43573
50966 89557
85993 27290
24835 49037
31778 26244
33751 79428
68565 14043
50091 1505
41654 48213
94125 6688
14773 87631
4450 41765
36022 34831
12837 76057
62493 8132
269 486
287 841
649 712
423 805
648 954
562 880
29 99
534 843
908 979
524 731
421 957
434 440
365 680
657 784
293 790
45 385
275 276
597 616
305 534
39 776
667 675
215 350
505 565
743 798
20 594
354 400
432 700
254 538
441 679
346 946
1 386
20 725
727 908
149 708
383 501
211 905
115 743
46 946
301 774
357 869
413 988
130 863
359 461
131 234
109 624
234 752
236 727
297 698
155 161
198 883
331 780
483 574
550 814
520 741
362 440
572 858
876 931
527 606
105 259
421 773
615 907
496 694
33 622
357 518
319 411
370 770
836 870
256 603
699 969
526 613
339 741
274 383
251 701
73 233
36 876
116 893
280 347
298 619
281 568
47 530
6 793
320 914
337 711
222 422
398 572
128 557
315 809
149 288
404 512
328 745
231 276
65 658
798 826
703 806
382 837
119 291
708 830
54 72
670 676
97 760
352 629
128 249
78 786
559 910
38 178
887 934
50 577
473 581
677 883
343 736
38 406
127 360
498 829
479 790
254 352
653 803
377 442
738 838
105 764
49 434
44 474
629 742
666 778
137 595
521 607
785 911
391 659
83 378
348 908
214 687
192 653
645 909
593 860
359 785
335 765
487 799
542 708
156 373
303 981
829 881
560 610
593 884
165 585
760 767
34 105
365 613
16 597
77 973
194 863
202 366
397 997
473 539
161 620
119 967
499 682
175 389
312 356
277 576
649 855
92 897
306 552
738 859
199 249
529 837
632 959
471 508
320 966
812 826
314 989
337 347
232 280
379 827
356 744
460 592
466 823
182 386
318 619
116 263
550 954
740 948
176 646
232 358
322 555
695 921
122 174
307 884
547 756
332 834
76 566
193 671
318 439
160 236
61 793
61 727
957 997
343 830
426 760
400 897
54 959
213 596
284 511
514 804
398 869
220 418
246 800
954 995
45 151
21 366
318 365
355 615
278 762
196 619
374 788
515 857
314 812
199 923
601 670
80 724
96 815
272 716
152 887
745 999
17 330
496 507
111 671
314 986
244 292
294 542
384 461
454 857
315 582
80 193
318 759
577 747
228 851
481 948
86 693
228 747
197 369
331 893
50 192
400 429
357 695
194 841
272 937
71 700
184 758
764 927
208 748
238 622
359 845
3 653
227 585
407 574
19 927
54 543
237 622
319 767
279 759
13 802
422 743
415 551
119 421
56 869
332 575
295 569
774 856
741 892
381 646
513 755
310 663
767 999
376 537
641 750
547 714
358 538
717 725
250 854
387 584
345 526
875 945
125 751
577 711
294 967
141 487
535 716
287 291
58 573
824 997
291 360
608 923
183 622
128 159
432 691
363 741
180 889
375 756
240 806
383 762
473 699
287 956
263 451
174 585
163 230
182 300
76 217
95 969
207 299
447 993
158 603
237 406
152 256
270 445
909 952
603 683
603 722
50 436
258 658
73 550
357 861
891 917
744 829
12 824
92 772
618 870
853 958
183 776
146 655
474 732
244 886
459 743
839 873
622 796
793 908
94 293
54 416
274 650
261 373
314 948
177 277
97 324
810 883
108 847
340 662
9 746
665 810
785 801
693 911
542 731
16 780
733 971
562 802
398 524
47 673
468 544
705 897
478 907
50 660
495 894
78 268
198 378
842 941
260 439
207 258
477 564
701 777
525 967
875 973
143 557
603 664
365 375
55 115
495 961
379 920
267 613
236 792
941 947
196 688
45 933
38 155
533 868
523 727
22 226
633 672
71 948
146 928
183 498
240 573
508 758
784 893
229 820
252 558
72 654
124 979
390 521
315 607
391 462
196 803
225 575
301 612
147 545
30 679
97 103
210 879
172 844
76 299
622 772
122 893
852 924
128 721
582 583
187 976
766 867
888 897
248 344
163 656
534 756
172 459
628 914
152 193
148 150
758 961
381 535
215 375
383 526
264 958
331 774
8 544
98 307
541 993
754 928
142 346
290 443
177 426
42 267
295 588
584 794
226 641
183 916
7 587
144 854
54 400
108 394
852 995
190 784
103 627
231 875
483 583
247 528
330 865
267 501
654 772
376 806
723 912
37 713
154 860
328 942
10 61
153 481
255 973
574 985
296 509
33 325
196 496
473 810
31 96
175 801
333 352
158 901
578 802
848 909
216 565
120 241
589 877
147 764
126 316
344 776
730 758
118 385
219 731
681 853
116 341
720 887
440 776
754 869
96 260
326 476
231 806
888 940
206 350
334 998
594 1000
113 229
710 913
58 961
469 961
23 472
145 956
681 742
548 657
875 921
601 769
433 858
147 215
42 516
65 744
720 891
56 302
422 433
363 929
8 314
693 914
240 684
11 677
235 568
128 236
892 911
132 856
542 791
297 418
161 768
278 480
785 893
224 964
831 949
322 536
101 630
430 1000
587 691
164 406
143 675
125 629
50 714
27 902
17 192
211 591
239 491
212 994
501 667
288 980
181 533
377 607
338 925
262 414
30 148
369 796
196 451
71 966
18 225
168 712
70 835
318 440
33 55
389 994
280 877
434 890
88 637
457 855
87 317
279 565
505 741
402 474
12 546
464 824
308 850
137 656
338 543
166 244
567 983
781 891
356 576
38 305
271 404
665 750
49 116
606 672
566 798
894 972
159 382
79 208
30 735
109 570
218 334
706 877
53 171
125 896
436 585
732 888
40 492
47 265
95 175
732 869
657 755
701 886
116 895
152 901
688 868
240 497
442 553
332 872
305 624
84 943
956 965
56 106
782 939
456 530
428 947
493 593
207 587
381 469
220 877
348 898
112 941
46 209
223 850
356 544
124 764
316 800
782 840
261 935
449 832
173 282
241 245
122 129
217 703
171 384
200 840
312 983
381 739
330 750
283 553
460 582
311 996
112 254
377 822
297 359
235 677
4 247
373 393
366 781
938 957
474 970
346 641
747 770
935 985
944 965
272 957
796 900
99 194
160 242
784 984
347 942
317 370
178 407
672 871
22 240
650 776
211 667
149 671
642 741
202 462
472 623
401 971
539 724
421 706
709 847
644 665
214 245
240 493
750 777
100 743
27 82
137 844
241 525
146 220
60 945
441 564
489 648
59 634
126 382
538 577
91 145
93 653
107 938
228 631
74 83
470 505
503 598
86 974
144 627
561 621
497 951
129 633
377 399
24 232
796 823
96 539
53 821
140 439
1 550
805 935
400 752
99 444
291 475
452 788
227 469
153 835
586 749
617 825
105 111
410 616
17 552
100 561
52 922
6 398
230 756
222 342
262 796
21 727
178 583
437 656
452 671
318 631
349 750
605 807
168 806
769 790
23 769
443 648
9 305
39 471
369 971
163 278
683 980
413 621
85 714
689 972
8 608
601 634
232 631
578 595
672 730
759 907
176 221
380 482
398 466
14 897
540 600
126 508
212 553
294 764
637 730
78 287
109 197
144 336
480 893
49 215
616 682
266 559
30 584
39 379
580 754
40 951
147 372
522 733
498 879
118 884
143 164
219 343
143 592
149 776
196 744
447 859
373 677
19 728
350 899
85 120
82 469
139 861
142 781
502 928
773 942
362 928
323 781
205 290
325 975
122 339
675 698
11 373
667 749
96 114
266 773
335 550
137 148
450 891
201 504
64 568
172 769
306 418
318 352
259 783
511 604
587 910
331 388
246 923
59 481
165 537
427 650
707 828
414 419
57 514
754 878
788 803
132 263
234 912
102 965
111 140
162 183
585 805
75 496
882 900
11 997
101 866
528 834
51 551
106 396
579 928
49 437
237 336
378 913
49 433
138 812
143 660
266 828
616 862
19 952
277 766
786 838
438 675
128 419
700 849
287 453
431 536
335 688
15 55
795 828
109 706
272 430
87 722
224 335
204 637
20 583
199 990
22 564
138 463
550 679
632 935
147 698
615 975
263 722
186 357
522 982
431 534
407 638
541 926
219 892
572 727
53 394
751 877
103 222
89 655
447 812
480 630
134 675
172 722
106 631
302 494
358 859
389 806
56 466
228 826
526 562
712 847
423 718
197 464
72 922
96 111
871 959
591 945
51 363
184 520
257 707
529 809
68 87
203 742
245 689
231 968
331 445
657 707
252 270
203 786
666 867
857 959
551 866
240 376
284 381
429 698
214 863
51 690
80 278
579 933
98 328
115 360
449 486
177 961
35 356
417 759
515 615
638 906
443 537
157 252
98 566
140 229
639 669
37 262
387 497
278 334
140 729
387 762
10 361
721 839
72 209
142 739
22 942
771 864
236 295
536 608
40 792
197 799
92 866
153 186
177 419
316 731
311 508
752 980
477 920
115 341
168 968
359 523
206 451
538 584
24 715
260 543
577 750
18 208
205 788
125 229
5 278
350 392
518 619
15 801
146 321
390 596
172 395
362 434
743 891
284 525
323 916
383 935
231 763
131 265
142 411
229 356
576 650
409 874
293 538
569 683
418 946
124 701
155 409
79 608
864 867
695 869
42 916
525 612
1 124
750 790
154 647
321 743
120 934
497 988
920 958
498 892
269 484
573 747
705 769
45 861
344 444
14 291
291 334
16265 47135
52924 54763
11526 70192
83884 43474
6365 42016
66620 87866
16202 76642
27881 2545
5729 72693
47402 76639
46955 16092
86942 39082
55152 28813
7031 30302
31765 42082
71840 99784
16959 25027
4463 54560
56639 21790
32796 70523
32630 29941
60918 57213
49700 41472
43200 78005
68684 97781
81689 3219
84263 21997
29701 43881
60920 6827
28356 53291
39470 86441
39769 24439
90820 78258
1271 37370
76652 9547
21890 5974
84894 537
4275 44481
94486 78954
55871 88707
97927 79261
46988 46727
45182 37979
7115 16136
12449 73779
92011 42465
38164 10742
41300 1090
39498 1186
20205 38179
20224 80785
10689 92374
71794 72976
87431 44867
73909 56779
65632 29488
51000 72122
93743 11398
958 53914
78747 39778
65093 64302
95830 28413
12905 89993
44204 60844
49862 87240
14506 14309
71228 96366
45825 36616
51710 79348
91602 77446
59636 57459
36284 52375
97179 39273
5594 8868
29106 86292
29586 21778
23413 17724
40757 34484
42310 36926
8382 60367
40443 90919
26098 88824
8252 44476
68606 71931
18809 43398
77536 23526
27506 70689
43499 17550
26456 24711
62696 19297
87934 96314
90800 84701
47513 42678
17585 70050
86328 23713
8106 65282
25165 96883
78545 79950
31337 66965
5750 31652
94848 2713
12145 75878
4972 4088
82130 19746
1032 61745
26711 89362
23099 79812
44865 76349
86404 8693
43939 68330
40263 5109
70665 10089
22731 85133
33928 66110
83150 41190
72245 90128
35102 33784
49239 83639
37572 38958
3957 71442
16041 74770
48127 34952
20409 75889
2705 56449
67002 88301
4473 81295
52684 96133
73747 5890
21202 55057
34945 9925
62079 20278
54671 21950
60409 64328
62733 53049
16751 9826
58868 41167
28047 72574
85933 34787
88633 53558
63765 5038
36098 38644
13408 29738
80077 99470
3131 75705
19182 54571
32797 62691
90071 17680
64312 18051
50173 75023
4346 42644
37471 73145
4296 53555
59883 26522
24704 66357
24436 95979
80178 16572
84448 72942
23826 79391
34263 8777
252 11073
96591 64761
70225 37332
75260 28050
14361 58598
84285 81365
95839 91504
73932 62680
97332 26532
27830 397
60586 65223
48818 38128
54316 80814
81458 47450
93081 26974
91429 30936
85939 19004
38473 59206
19905 95526
9859 34919
1679 98679
18237 60101
46347 51685
99332 94043
17819 76012
61622 40856
97486 85954
85333 43619
22830 91210
36892 33453
74285 75827
96065 76762
97882 21170
89466 92652
23717 4245
45217 77276
40276 59374
69009 42960
71790 66684
27499 44052
22883 19099
87727 28062
85028 82441
8819 5161
94094 52295
16743 23139
45574 48077
6552 11346
816 91879
96721 64261
60743 67148
45795 95604
3681 23292
72980 74853
72865 78929
91324 62069
79695 20644
93453 49123
76822 78891
63641 68709
80829 86883
14562 89878
85776 58976
34181 88955
19391 99593
2959 56638
66997 12109
17564 33643
22542 5747
74867 32536
1775 41269
44144 34683
45005 40006
65687 90266
53991 52318
73054 32050
15692 14632
36873 19185
50568 88581
76537 96801
55837 90417
11002 63166
7168 15812
28497 75218
95916 43386
14401 28903
25415 62876
21140 28839
99161 91868
98639 67952
56459 56333
28006 71232
72543 10030
31211 35425
54144 18706
60570 45144
91032 77985
27486 72303
52579 22853
97271 60287
16157 4898
38861 27768
27263 52844
93089 63842
24303 30805
99490 97571
71146 5252
3306 6479
92674 28253
32374 38116
93481 30265
75206 13614
66479 68820
680 43393
65719 94427
72877 32974
19490 97703
97023 63302
84767 50338
45524 75804
76958 15913
25569 98442
87730 64938
66068 6621
86035 47388
37227 23937
63613 87714
9113 47089
99357 34494
9527 35992
63474 66498
60935 3479
32540 83037
77551 83423
72467 41719
35274 91187
27840 31568
5741 54246
41105 99974
26513 3498
60011 7524
34169 85343
72444 64451
72700 33780
12283 91638
14850 10476
99252 11531
57479 29367
66167 79344
36262 2176
69163 52035
99489 25995
12975 70665
37825 29184
77638 54703
71759 33744
95649 99757
61953 29660
97897 13533
59813 29449
17313 80919
71551 63585
56606 85503
27474 13680
86822 94989
4702 27456
66289 69860
42236 9140
41800 35662
82425 77856
88225 92670
70784 98144
80790 90898
66265 56710
95356 72790
26240 1335
55977 68158
16717 80432
79552 73924
15400 5802
11383 87543
97106 98622
86046 1474
70933 38893
18169 9018
25551 96486
78079 21960
2564 34507
89940 48736
94631 58241
6334 86971
23305 14070
11581 9033
59640 87017
1030 55103
67428 39996
7295 6800
38377 81987
21551 23659
2520 95946
52909 50217
297 98153
6622 83576
23386 65656
18291 41737
49239 15882
6689 16719
2606 62466
27592 13714
96371 71713
51222 49116
85310 17921
71242 39874
54418 61803
97753 45900
33046 51169
89033 72956
5049 57148
86259 68034
58448 4614
74841 60713
84303 52384
61015 91285
90696 98394
31008 47421
25745 86212
83590 76864
34281 70837
87419 4811
2787 52236
55203 48994
37411 26057
61852 71292
16377 10900
33762 4997
92940 67275
86028 25558
13210 57475
82988 89003
71459 47559
62279 41181
813 66443
62274 10891
69635 26542
388 38942
18072 59136
95933 78811
15394 54065
35731 85454
26378 1404
50917 88561
69502 92510
44302 31260
70293 62646
93035 81562
45594 30112
54857 80810
47794 25956
69846 7219
16189 30249
48139 42239
56811 25461
32912 56818
82263 42521
57952 20795
77218 16071
87007 88003
33518 94059
59131 41244
28287 99434
33049 17560
8892 7692
94180 55066
23502 52879
94854 14230
90343 33454
69922 72519
8301 72120
18318 68856
99680 89708
60613 61104
46353 68842
91764 6974
85225 9125
23704 66780
43407 41764
34702 77003
8190 74594
29750 12812
19932 33792
91031 60083
25365 74578
70140 86323
4719 17129
24362 80824
53099 49898
12266 65834
54410 7459
52180 34118
31692 42884
49927 45637
16853 95173
13041 53972
99482 93498
93649 17555
87478 70141
91488 66249
62033 903
32801 87508
39192 31833
80606 5408
18600 18331
15765 83448
38590 96167
94682 97764
20211 39219
18315 34168
61695 67977
24940 84810
44980 18175
63028 40898
31695 24753
68339 33071
85279 66368
57686 17368
80247 39771
58161 5613
59428 84950
99367 77543
95690 88187
64988 25433
79080 22618
47747 25400
88636 40326
35278 77254
43358 89364
43336 71437
62191 72908
25779 84476
24673 31962
19301 26281
31336 93970
8901 18847
75964 22846
52514 82060
6073 15593
84995 34973
73555 60435
62502 63614
79799 3282
94291 35552
63404 5581
38497 19436
18343 92052
159 44333
13808 94084
13803 54675
17146 97415
54334 45837
16547 83536
67937 7863
27407 87573
76697 58757
85421 93089
16243 14000
94659 14112
68257 2036
19369 33272
95032 82145
91466 89897
75730 74859
60680 95100
18343 65793
83759 64719
59760 44238
98138 10439
19584 52390
84069 94643
45580 78966
39528 43231
84464 50619
66512 84525
98876 78892
17207 28041
39591 86297
29240 58312
93706 26041
36327 48002
91694 28565
38078 215
61824 31598
78962 22241
46936 64918
58317 10052
48276 836
7871 6298
18502 74051
97063 60527
98622 87080
17773 23336
53594 20218
49105 81439
9920 77003
13165 44362
33227 73392
31298 45056
72596 13552
43578 5853
35043 16389
21046 54607
67863 73347
80772 93505
84399 87040
17021 49800
96703 6744
32220 54933
58654 34733
17127 75492
9669 25104
6883 48724
98027 6365
96085 71106
76497 42026
84827 36298
87219 62149
68262 13030
2783 79061
39647 2596
63130 13064
51074 7896
41433 73009
89047 48404
43593 929
37518 1815
25412 80554
92947 58431
72252 5705
75076 72374
36628 31296
76224 54893
23670 19833
10127 16971
87941 7328
78364 64834
10804 20895
86896 3155
30200 14446
48576 83158
35772 2082
58287 55077
7487 87963
45868 38810
44158 81865
47016 33446
93462 46513
38824 36819
20016 13105
2833 14963
35218 57719
58645 78575
90684 9210
10573 58996
38353 4404
19576 22921
84862 224
70477 68628
91091 87313
62633 2297
40908 65367
26804 62738
75403 78131
33225 58439
84697 34742
65581 85616
41379 63419
79182 39488
89475 76447
85417 70530
17537 83261
1497 71905
84793 39432
722 73706
80393 626
56852 76128
18195 41479
6259 50559
43079 25424
93978 12494
26767 46467
23472 81661
15568 94231
74516 73911
62957 67982
81969 3794
42429 26862
65510 62584
2916 34992
47546 11913
45649 4658
29023 91571
1662 96076
88532 9374
64150 35383
7857 57039
49206 29670
89099 60849
25791 30729
48803 92502
47625 81165
2074 20658
10294 84521
37669 18641
11009 21680
61320 12776
89492 86974
76373 40522
73932 61678
17940 19560
58006 51837
86901 32534
50750 97879
50002 23258
94459 10628
53607 39884
29505 8681
3435 36132
38548 82163
6444 70806
62763 85160
85881 70073
99899 66506
81993 77329
27715 91473
97379 36690
35149 76828
8356 3713
93378 68393
66055 70287
25978 49538
93101 77015
3384 54508
90736 53455
53103 90131
47279 43002
8460 87276
66233 64909
6414 637
51124 95358
4601 88191
457 85354
2583 45439
93555 41635
55753 70480
79561 81401
68635 84044
37180 57591
52189 2098
1872 10077
3550 89573
92117 96652
18880 31259
83954 16558
48747 12741
45045 79501
75924 54212
27656 6048
30414 35531
35828 41562
34679 45934
50204 28049
87386 58341
26860 93941
92549 8841
44050 4937
80539 16736
39699 29732
38178 56723
76589 36523
46148 5521
90193 79560
48007 40753
87034 1362
76017 36153
47994 98116
95676 37464
30750 6216
63293 96602
37667 45839
24042 79737
53827 19553
76546 1466
44612 86788
85150 85256
73698 62341
43170 88643
85150 74587
70028 59735
80114 71998
90464 53166
90985 35410
97858 16128
95789 75016
80084 53389
14768 2727
64649 49323
71610 26218
23473 27851
14263 94100
4751 94321
36737 44828
1346 57033
8616 83021
74525 23066
29563 9940
82600 3858
74361 45200
8533 77050
4061 65309
57643 63457
85872 9625
61130 85007
14476 42465
72482 99741
9889 53121
76449 63168
62184 23777
51520 31982
53401 18183
1884 60677
42939 93821
24781 84555
85473 36850
76955 4794
32539 96975
64415 8844
57645 29052
82829 87451
82478 55218
95855 83303
20744 46462
36504 73220
98294 37431
673 6706
81338 57389
27416 75746
73114 2085
30177 32110
85638 36001
63182 83224
77751 62938
1249 50699
40043 40876
15766 7876
98572 54004
93442 15599
47703 30360
4430 84535
25289 93063
92179 20474
32356 45384
40493 69349
88924 8350
9422 47811
72816 53918
52255 47615
83891 2715
85129 73278
77531 91294
42733 85644
80555 87436
81427 63718
91670 51950
72796 34786
67793 65641
45772 44653
7713 99723
33793 74235
49282 52541
63242 608
32427 37403
47155 34276
66475 35468
83952 35291
68727 64627
73459 74841
14716 88251
45507 37927
64306 10946
6516 90147
14792 37133
94085 27927
26662 19116
95110 77772
78511 89016
41688 41933
69297 27601
10530 72430
58816 71298
23389 5152
14719 1969
13226 87058
91642 49371
55153 3348
34730 22216
4926 84730
52542 65657
74822 19071
77130 1156
6771 26503
64052 95730
14494 74910
73350 63748
68994 12006
9300 92696
31941 59040
7098 72302
72463 85385
51435 80683
34109 15986
64592 84979
2992 46703
55131 74578
44895 71526
58567 32681
16544 96040
44134 15010
8993 43748
83414 69752
66468 57521
91298 23151
74154 99003
13718 69696
74776 94943
69445 2965
93307 23372
18546 20820
94621 88907
68429 44840
64552 18612
73052 58803
38538 96300
44154 94899
26766 28425
99789 10966
90384 48490
10124 87658
27900 38269
82769 28543
63577 53440
53317 7313
38942 31945
97017 3836
93097 95534
70263 64936
77493 94873
12176 65666
29201 89920
84585 18115
42772 3892
52855 11235
30421 90484
493 83156
29162 78586
5274 37197
28902 64471
77843 85435
94202 87175
21449 64822
86994 26755
87299 96390
10487 28075
4581 40463
85420 1265
66704 45434
86738 96396
63615 74234
99714 91038
38207 32343
7714 24436
2361 67448
74351 53167
68076 21956
50286 86814
67866 89888
9161 32478
71428 52137
12051 10868
64765 84779
7727 79934
88392 2206
13612 19217
80501 83500
82383 9892
21528 74062
91933 63001
40267 66622
34095 49032
63900 29713
83278 92646
5269 51938
27669 37763
55176 1433
78747 83520
59128 51246
53907 39338
51701 44456
65149 50727
42543 91441
95373 78604
96500 72943
69576 19973
85916 27914
27106 91959
58523 79461
4463 66681
1506 61005
86128 46850
74672 70341
41638 81587
72797 45061
8458 33488
60247 20646
62475 99349
43500 25277
56518 48614
5583 80841
55034 95574
20965 82069
89384 831
93114 77449
34503 10231
64226 4540
29860 94326
60374 641
93960 43515
33858 19168
38553 57293
81034 5660
45194 35128
70117 1889
82919 82957
C653 C372 2
762 C851 6
C693 579 6
C421 C310 4
704 C45 3
C534 359 5
C26 926 2
527 43 5
114 C125 9
339 C568 10
C989 918 9
322 77 4
C967 C296 8
C773 C468 10
790 C43 5
115 C6 8
779 C266 6
C583 C826 5
449 C202 10
193 C216 4
594 510 4
C382 C392 3
111 C231 7
C744 390 6
C99 C777 10
529 425 1
452 671 10
C583 C348 8
434 360 10
682 685 5
C882 C819 2
C35 457 7
689 538 6
C751 475 4
929 C366 8
C933 C5 8
C669 200 10
C49 304 8
C134 C971 3
628 508 5
213 797 2
355 903 9
295 318 1
261 580 5
916 C783 3
528 C988 2
C935 313 7
C236 797 10
C546 774 10
C226 C805 5
C350 C129 7
799 769 2
482 92 3
317 C775 1
C105 30 9
197 C731 9
C286 C769 6
444 459 8
C604 99 10
772 874 1
C200 576 1
C506 C256 8
C55 C655 2
781 C451 4
C645 640 7
863 695 7
C355 140 5
970 442 6
C348 86 2
C232 C200 6
438 764 10
17 C206 10
235 99 10
C601 776 10
C580 C168 9
C256 C47 8
176 874 5
345 C549 1
819 496 9
884 C679 8
C429 C155 1
C709 C917 3
C735 867 7
C123 833 7
C57 460 3
C916 484 6
C199 C426 7
702 431 10
374 565 1
417 C498 5
970 C855 4
49 C646 5
215 482 5
143 219 1
C291 468 1
C728 598 5
C953 C52 6
C672 C827 9
8 679 8
C185 C172 1
350 C423 1
281 C446 1
C872 C607 8
C980 C427 10
C637 C186 4
C345 289 3
C535 212 9
853 389 9
408 C1 5
438 C19 3
C132 606 3
C698 C26 5
666 804 10
548 373 2
C600 C103 4
36 392 10
774 C462 10
678 C513 4
C410 C643 10
455 C668 9
253 642 8
459 375 8
638 987 8
C941 C292 9
200 C937 4
C755 C247 3
C349 C93 7
C444 C956 3
C243 572 3
120 418 10
963 189 4
C866 905 2
310 C611 4
C259 412 4
886 C16 7
184 C635 10
C841 C737 9
860 543 5
C769 C507 1
287 C106 5
639 C773 2
C325 C166 5
C223 C971 1
16 C276 5
966 C448 3
164 C143 10
C25 C269 9
752 517 8
187 C62 7
600 C638 8
C169 912 10
542 191 10
955 C994 1
646 433 2
587 700 9
C338 491 9
203 727 6
C164 375 9
C470 680 2
C386 C927 2
C278 C761 1
C727 915 7
583 C747 5
C908 193 7
C769 586 5
377 C698 5
535 C738 9
C217 784 3
C127 395 10
857 C683 10
C801 C452 3
67 237 3
C354 604 3
C399 C414 2
793 423 10
C570 C507 2
C159 C328 1
C607 C832 8
758 560 7
356 C27 3
C189 C625 2
801 700 3
80 C44 10
198 434 1
C654 222 9
C940 491 6
768 C287 5
609 C518 2
724 C323 3
337 291 10
C720 997 5
C798 8 1
669 C4 6
C900 C818 1
C369 C872 9
C272 C78 1
548 C920 3
305 C953 2
444 C874 5
C236 831 3
114 C285 5
767 102 8
971 957 2
C421 C214 10
C800 329 4
C995 C833 7
462 22 2
C328 292 4
868 C790 10
253 C900 10
457 C7 4
C142 690 8
472 838 4
387 657 3
C638 855 5
C144 C164 6
814 784 6
691 620 10
585 C285 6
C935 C333 3
860 C381 1
443 C343 3
C179 235 8
506 C593 3
C770 C221 10
219 500 10
91 818 3
C39 C798 6
C249 C596 4
731 852 10
C99 259 4
951 C934 3
930 172 1
437 C518 8
958 C12 6
C774 992 9
C470 C467 6
229 366 3
C75 710 2
338 C644 5
417 C95 5
777 C483 5
346 68 7
C639 C338 8
853 248 3
147 66 6
C207 661 3
C59 906 6
752 C582 8
C662 C467 7
675 C10 1
508 C493 7
C360 C693 7
C554 C460 8
C870 C863 1
160 211 9
444 C403 8
C924 C236 6
368 274 10
C354 656 8
C543 281 4
C461 C391 10
C207 938 8
C172 C771 6
C650 C254 8
567 838 8
C642 C292 7
502 14 1
100 819 3
C995 C374 6
C171 C430 7
218 318 4
783 C506 5
C979 C807 1
201 459 6
C77 266 7
C343 63 9
C502 625 10
C533 427 1
C143 540 1
233 862 4
C963 724 4
C598 351 2
C220 C124 4
595 C631 5
C576 C204 4
C210 255 3
C271 C826 3
812 710 2
718 894 6
609 129 8
C564 853 4
C954 507 8
227 584 6
917 401 1
C528 C42 5
C50 C758 10
80 259 6
C675 148 4
C943 C105 8
C768 C420 3
C113 C250 3
C727 590 6
762 C170 8
338 557 2
C319 672 1
C775 C556 4
C600 C998 9
C735 718 7
C55 C312 2
C619 76 10
C528 C505 10
300 257 4
24 C702 9
324 C430 3
215 C319 8
C873 C674 4
285 C125 9
742 C781 5
528 471 9
687 78 1
C22 C114 6
C44 598 3
609 718 3
847 C578 1
C165 997 9
626 C823 4
883 C104 9
171 C452 7
C852 695 8
616 C957 1
C179 984 9
C77 709 6
707 C96 3
626 C618 4
444 379 10
C441 566 3
C150 C865 10
C949 984 4
905 C105 3
C928 C139 1
379 C125 8
661 C865 3
C694 C836 8
C915 990 5
494 C387 1
652 C724 2
C954 122 1
173 C368 4
C964 C795 2
511 801 6
620 878 1
445 719 9
C335 C225 8
328 611 1
C396 367 9
829 260 9
C660 C288 10
C168 C693 9
38 C227 10
C931 400 8
55 687 1
C456 507 8
C470 899 8
709 4 5
C419 520 5
699 C622 1
C38 483 10
C125 C883 2
652 944 2
C969 C372 3
C845 C322 8
C143 C972 3
703 C526 7
494 C950 2
85 840 6
C448 C463 1
C95 64 8
160 C952 9
724 C422 4
C606 862 7
629 C310 2
C414 C687 10
C377 334 9
C615 880 3
515 C1000 10
C320 C547 4
C670 555 9
890 C505 6
C547 C364 8
277 C878 3
506 29 9
C103 C41 9
C598 C126 5
515 542 3
C791 C186 6
C994 89 5
55 757 3
134 766 10
218 C112 5
850 197 6
C262 C957 5
892 C555 10
C799 C650 2
C354 145 3
761 C380 7
C913 C978 5
381 C596 3
810 C770 6
C449 285 10
C829 C104 2
C58 C779 5
C570 618 3
335 C598 3
C701 485 3
713 C257 6
C509 C788 4
552 363 3
C517 C611 1
C539 640 10
C12 918 1
680 C840 8
C369 C77 5
346 C469 2
C714 77 2
C934 234 4
577 C893 9
899 C532 10
407 791 5
942 536 3
C894 833 8
283 C878 5
C913 730 9
488 778 10
818 C501 10
C296 C596 4
360 383 4
147 C467 6
11 704 10
C257 C457 2
221 446 10
532 632 2
129 C519 4
568 C426 4
462 992 4
703 C140 10
733 885 2
328 C770 7
C698 677 5
394 902 8
864 880 2
C998 C415 6
C571 C703 4
435 C153 4
C165 C233 9
709 C801 2
C799 C947 4
C137 394 3
C977 263 3
2 7 3
C14 C805 4
794 C190 7
314 C512 8
C853 271 2
297 C323 1
149 C850 10
C415 C431 1
801 C486 9
C643 C532 1
C874 179 7
C303 C433 1
62 C137 1
C152 708 2
782 C613 9
C643 C131 9
592 C581 4
C887 C694 6
C356 C124 1
C362 441 6
554 C428 7
C993 C941 3
C119 C471 9
846 C371 9
959 664 1
689 710 5
330 509 10
605 C751 2
C245 795 8
C399 C329 9
C945 377 9
43 C871 7
C19 630 6
296 C233 1
C114 C804 3
657 183 7
C616 C771 1
279 C298 9
785 223 8
C609 228 3
C196 699 2
443 C929 6
C510 C939 4
C340 C187 6
600 C515 9
C508 C833 7
134 C47 7
484 82 6
C296 170 8
846 56 4
802 120 8
936 265 8
C196 C842 3
611 473 5
C719 394 10
C16 C983 6
549 760 3
934 C820 9
C446 C200 6
C393 C675 4
C69 C453 10
C494 C65 10
C943 C976 3
299 232 7
507 120 7
535 C30 6
677 381 5
C126 C14 9
914 834 7
48 C736 3
821 C133 4
960 89 4
C155 C868 10
205 992 2
387 139 9
C166 C556 2
C608 C85 1
C290 565 3
765 C696 10
726 550 4
C730 C983 8
632 126 7
240 C820 4
C705 326 2
C902 174 9
144 C70 5
489 C18 6
C653 C978 6
C265 240 2
C154 529 8
603 C136 7
268 606 6
C390 113 2
56 948 6
C983 C769 9
C745 C892 5
C253 755 10
C506 287 1
357 C932 10
C149 C566 5
14 498 5
C770 701 4
C391 680 4
C729 113 4
49 C870 3
304 581 3
C205 342 9
C792 C336 1
11 C210 9
C847 275 5
439 43 4
254 935 9
C291 C626 7
73 C271 2
356 131 9
995 C299 7
C940 725 2
802 C624 4
255 C641 3
644 221 2
C449 188 6
C6 170 6
C783 490 3
580 C643 3
C421 C945 4
C876 138 3
569 C290 6
C516 C702 10
29 C448 8
386 C826 9
C862 C734 6
C474 569 4
C117 406 9
C994 879 6
C797 C276 9
124 169 5
128 793 6
C230 514 6
C716 C372 4
263 C514 9
544 C391 10
C760 332 4
C981 C899 9
483 550 1
423 C434 8
777 865 7
C442 C501 2
862 C836 6
C566 567 1
386 95 8
8 C534 10
34 824 1
554 561 2
286 572 6
C191 29 8
407 773 10
606 743 4
C249 741 8
624 659 9
321 C146 2
803 C562 4
782 C102 2
C315 C846 8
C404 742 7
409 398 8
C843 718 3
C740 955 7
C574 C822 6
C213 605 6
419 C523 10
C10 192 10
C77 C678 4
C884 C726 6
C410 553 7
C39 322 7
C863 908 6
721 C439 1
C812 327 8
5 966 9
973 C959 7
C664 C822 9
C676 599 5
C957 276 10
744 707 9
757 775 2
C615 683 4
C106 146 10
C196 367 9
C398 788 7
C222 103 4
106 C80 1
461 C618 3
C934 C449 10
C806 744 9
845 C675 9
C248 C915 3
C455 C180 5
888 44 1
774 592 2
614 86 5
C436 564 5
C342 C26 10
206 C598 10
C423 821 4
C685 145 7
C92 132 2
C22 948 3
C513 C221 2
C682 C373 5
C715 421 7
370 C834 6
125 C562 4
C490 682 4
C112 240 6
228 94 8
C520 9 8
468 C405 10
140 200 2
C595 174 4
283 C215 2
C869 954 9
C140 577 9
C927 C685 7
C534 C799 8
17 772 2
693 583 7
C683 192 2
623 536 1
431 254 1
120 C691 6
C865 C823 5
C644 C892 9
463 391 7
C540 C916 1
C760 C397 5
622 256 9
101 C416 3
356 C763 5
193 C837 1
C349 C236 5
775 261 4
C806 C142 1
377 C263 7
C14 C1 9
996 16 10
148 C550 2
C971 151 8
C705 346 9
144 C830 8
C407 C800 5
C283 451 6
C301 50 8
460 994 10
C746 791 8
67 469 1
C846 C115 2
305 C827 1
C458 970 2
991 711 3
998 112 1
C223 C155 6
76 C209 2
564 C413 9
792 C775 7
C723 C360 5
C827 981 10
C819 C549 1
679 5 5
508 C948 9
C353 43 6
C113 219 5
C328 C480 2
C528 C680 2
C623 C20 4
40 170 9
C172 816 1
244 C300 10
C51 C10 3
C243 546 4
542 C368 10
C69 C992 5
792 C954 6
C277 C426 4
C814 C752 8
C27 C918 10
695 222 6
99 43 9
C440 146 10
461 C737 9
892 C545 7
332 C42 2
C545 822 7
C525 547 7
C907 88 1
C318 939 7
C681 341 8
C979 39 8
949 C169 10
C184 145 3
560 85 3
C520 C86 4
108 C635 10
C665 756 3
621 955 7
639 C458 9
C414 789 6
151 685 7
C479 2 3
C973 87 5
879 C869 7
726 940 1
842 840 1
21 326 8
C160 141 2
182 418 8
C692 960 10
C178 C515 4
C852 C679 5
C154 C110 7
836 C997 7
42 C651 10
780 517 10
315 C630 6
C573 C954 7
C284 92 4
703 760 6
787 155 9
C2 C366 1
283 355 4
C907 363 6
C25 C222 2
110 C431 7
320 903 1
816 C518 5
321 C624 8
C559 485 7
499 C573 1
471 557 1
C772 C74 10
686 528 5
C66 C294 9
376 C252 7
160 58 9
C802 C982 3
267 807 8
92 332 5
875 958 8
859 561 7
626 559 8
C809 223 2
C764 C91 3
C901 C115 7
86 941 8
32 C800 8
149 298 7
C199 C100 8
C959 110 10
79 C145 5
197 771 5
C965 C280 8
C233 644 1
43 C981 7
739 454 8
C291 C271 10
571 C524 3
C81 143 4
810 111 3
C939 C806 8
C74 C911 2
403 C353 4
C364 16 3
519 C958 7
964 119 1
C636 2 7
C735 C40 8
85 C344 4
353 C548 1
968 C70 10
289 C132 4
C288 467 4
C402 C743 2
617 C445 9
C151 C956 5
995 C977 3
C269 C626 4
C329 C907 9
C438 935 4
605 662 1
785 654 5
997 C912 5
C312 984 5
C434 878 9
C740 C628 9
C378 C664 5
C3 C829 5
144 C46 7
C909 334 6
387 187 3
C76 C507 2
77 988 9
664 C588 7
403 923 6
373 316 9
C708 35 9
906 767 2
C131 763 5
192 C84 2
474 270 10
54 C203 2
352 C497 7
179 499 8
C822 56 1
443 856 3
C992 865 10
132 793 10
616 910 1
548 C287 5
219 407 5
14 C229 6
C908 532 9
575 167 10
886 C156 5
C130 947 2
931 C696 1
302 992 5
202 846 9
999 C133 9
354 C849 5
818 C964 4
C415 C317 10
342 C20 4
702 139 7
420 C478 7
C398 904 2
457 C750 6
C438 C375 1
53 C12 5
C992 985 2
509 C3 1
345 C116 5
C618 249 3
C828 449 6
C111 C372 9
149 C837 8
C454 C554 2
361 C189 9
C109 986 9
C781 C223 4
C626 270 5
728 C649 10
C804 138 8
246 981 10
669 C887 8
C474 43 7
C276 C686 6
C147 996 1
C574 C401 10
521 895 1
18 C127 2
C488 985 5
C40 664 3
352 C779 4
C991 871 9
C319 934 7
C664 C179 9
C751 344 1
C651 C103 4
C596 123 5
825 C309 7
204 646 8
905 C993 2
445 C402 10
C163 C65 4
841 C322 9
971 449 1
175 C107 8
29 C501 6
C834 81 8
C351 C825 8
413 693 8
C897 C750 9
C854 C358 4
58 443 7
C118 287 7
C543 441 2
C897 C220 7
800 C926 8
641 981 6
942 C303 9
785 265 10
41 416 3
C193 C405 9
C689 C31 1
358 C137 4
C223 762 3
407 C107 1
C241 222 9
944 82 6
C221 C638 5
C776 958 3
920 C244 2
C243 335 6
C435 C645 5
C838 167 4
C875 C985 10
252 C703 1
966 271 7
C34 349 9
654 C652 9
C744 604 5
328 679 2
C957 C301 10
798 C522 10
C186 160 6
307 C353 7
747 C406 3
C425 C541 2
545 C813 1
C383 632 3
C847 C566 7
573 C802 7
C220 77 9
179 C420 1
C41 638 4
507 C540 3
C39 C527 5
C186 330 3
78 142 5
C618 454 3
455 195 2
844 35 6
295 C558 9
252 501 6
458 176 2
C899 289 3
704 C86 9
532 C752 7
334 C537 4
C320 741 4
860 C912 5
C537 C693 2
