200 100 0 0
11 951
263 121
800 528
819 588
597 458
396 267
787 900
463 41
799 868
159 903
277 309
901 717
710 866
461 299
506 716
705 54
136 530
770 152
229 234
507 810
639 651
582 794
381 833
367 741
435 741
137 274
648 773
596 766
432 882
280 325
460 540
480 217
979 512
623 68
19 808
606 466
765 874
291 952
598 18
124 565
678 699
467 852
136 873
440 0
949 397
217 583
156 51
544 510
644 13
745 431
544 203
570 274
246 180
709 276
392 249
1 474
285 244
8 786
872 76
521 280
497 576
683 434
803 600
423 738
272 132
52 830
632 211
664 495
978 475
771 724
697 205
126 489
629 662
112 494
299 62
405 138
312 732
947 749
127 733
604 949
562 816
542 708
929 215
799 729
348 146
430 868
93 352
753 671
171 296
556 896
862 175
699 212
362 878
899 238
107 476
419 228
98 406
496 627
184 21
595 711
570 734
353 397
948 463
364 875
197 64
694 79
893 647
899 561
753 575
646 773
960 888
830 509
670 398
389 975
837 651
447 845
88 436
576 496
384 587
902 262
56 916
680 585
401 310
813 745
96 445
911 354
583 575
710 467
914 520
679 352
214 937
711 28
27 818
876 283
871 148
162 128
984 496
139 906
109 191
693 632
940 363
822 432
961 238
326 568
657 204
828 284
838 749
164 894
281 560
573 514
506 707
412 619
878 159
444 547
247 627
804 761
693 155
103 995
804 880
233 851
837 654
15 394
10 687
962 762
160 261
382 491
928 712
583 932
447 725
868 816
499 673
85 411
480 664
119 589
743 545
461 757
872 474
466 635
119 309
131 622
913 925
706 468
451 682
121 919
946 844
0 231
441 976
830 53
331 190
469 588
431 458
123 921
359 490
700 132
793 994
837 157
777 638
50 442
300 583
985 39
7 58
167 197
82 76
49 39
140 82
160 147
9 12
153 39
61 61
75 72
124 14
52 78
187 77
106 79
30 45
10 162
28 165
62 148
155 121
24 132
53 131
158 119
8 75
109 99
189 143
147 65
135 96
140 69
53 34
42 134
25 174
153 52
186 54
7 11
146 135
106 146
29 113
128 155
159 78
106 108
139 25
54 179
174 69
112 21
176 80
179 172
159 127
15 119
76 10
96 104
108 186
129 21
63 51
42 29
151 127
95 125
159 173
132 14
93 103
149 198
83 177
120 74
51 121
158 49
21 193
90 74
187 90
117 170
155 142
130 94
57 35
48 65
99 23
126 177
175 5
161 157
139 50
109 156
184 151
190 53
95 31
109 174
25 41
16 39
98 85
135 90
194 107
62 36
55 164
196 131
9 88
2 192
55 42
193 167
182 70
98 90
62 105
182 34
131 80
138 11
