200 100 0 0
694 84
284 691
925 398
458 201
706 149
546 662
36 906
195 255
678 664
935 320
347 269
553 270
158 712
614 511
751 87
539 236
211 537
239 284
255 251
716 180
137 171
414 637
453 491
292 820
410 714
283 483
958 414
112 630
957 662
870 818
282 720
932 307
341 971
511 1
215 490
826 667
770 404
29 231
853 893
668 965
341 378
898 295
63 26
356 900
630 492
794 768
258 899
961 107
461 653
129 977
702 624
603 658
50 766
81 809
521 133
204 695
880 798
167 377
733 951
111 629
218 423
986 101
636 315
420 635
53 522
665 820
814 588
274 458
570 666
443 953
705 41
665 504
841 554
907 180
603 962
950 191
506 902
333 46
199 657
47 650
278 607
92 453
105 119
14 906
307 329
806 335
538 951
170 400
289 161
535 642
611 302
150 657
620 220
605 234
107 35
420 875
63 669
345 687
463 834
670 988
624 438
279 354
960 99
229 556
766 978
364 473
505 811
395 394
925 909
706 447
988 219
677 892
355 642
729 956
599 492
654 692
414 963
972 209
507 137
967 989
230 273
939 667
225 473
395 580
493 109
675 858
432 513
850 544
207 296
579 724
409 610
450 443
680 672
380 994
699 206
444 52
258 179
348 311
194 823
556 112
26 257
987 942
700 461
316 769
671 804
169 745
383 453
963 495
995 819
501 241
459 891
985 739
981 243
294 284
956 961
233 470
809 396
164 395
379 219
907 214
784 338
312 962
914 437
946 164
392 558
35 507
234 674
667 29
725 834
805 666
682 158
512 632
746 19
119 703
328 264
476 270
816 689
371 224
247 864
713 763
545 704
519 440
422 679
618 714
357 71
216 449
841 276
946 104
275 482
149 5
183 182
877 992
308 817
587 341
461 386
262 341
716 649
28 805
684 490
194 723
21 74
57 67
161 65
82 97
192 22
43 26
92 8
73 112
18 46
51 17
62 20
116 57
19 163
109 79
153 36
151 3
8 134
50 34
156 126
51 37
97 45
51 174
38 76
76 41
146 86
111 105
4 110
168 128
184 143
123 129
132 11
169 100
71 163
28 197
68 24
188 54
170 120
137 115
44 93
90 41
189 107
100 126
13 123
136 108
171 66
13 14
146 23
63 29
45 9
150 71
17 66
136 140
171 139
183 9
13 180
158 50
123 95
177 112
31 133
185 48
30 62
145 92
73 153
189 81
4 157
118 67
131 3
150 194
61 132
2 198
157 26
157 189
49 98
175 18
81 14
51 52
68 114
16 24
43 83
31 119
177 51
98 174
185 82
11 134
102 37
69 33
28 52
71 90
71 23
89 119
38 137
194 128
190 47
91 164
26 70
185 90
11 15
57 126
14 46
133 45
