1000 500 0 100
6 7692
6499 3846
5324 1181
1805 3598
8965 2785
4410 4466
1347 216
9905 3439
329 7724
4788 8564
2288 3323
2904 2712
4275 8824
9713 2886
8466 5695
2941 3135
6186 2708
8890 4251
294 9572
6062 6245
8911 2870
2205 1188
696 6689
2077 5089
3102 5088
2610 9985
1809 5987
916 2734
6728 6092
8279 7425
2299 6625
479 4543
8241 1360
6966 1025
3047 7342
8705 4362
416 9597
9560 5561
7721 5156
8469 410
350 8708
5128 2924
5968 5243
6527 6385
1576 6948
765 6334
1173 6345
9127 7542
3434 6013
9067 7853
4376 6965
5208 3302
1043 3236
8268 7749
9420 8947
3940 2925
8363 6545
3579 6103
7158 8718
4687 4259
1964 4630
9877 3691
2296 5954
2581 625
282 1557
2847 4801
3278 6790
3027 2447
9190 9140
4083 3885
1148 7087
6123 4591
8188 9681
7190 4653
8290 1666
464 6829
4397 6842
7290 5398
2062 6950
726 7667
7506 7056
584 7326
5676 7171
3457 274
7910 4144
4358 2405
9305 5886
6571 3904
3815 7428
3174 4600
2128 3289
9378 9378
9308 126
5285 5340
9006 3995
2550 2208
4870 2838
5545 6294
168 152
9673 2840
5216 1654
1261 1250
4609 6592
3022 1205
64 9036
35 7059
5908 432
9420 4827
4013 3263
5292 781
5887 9449
7382 6586
5590 5488
4452 8178
596 2557
4322 6175
9710 4334
7047 6708
9720 255
4877 4357
9507 7824
3909 632
9360 2980
9076 9605
2596 3701
2893 1211
6699 8447
1886 4814
8432 8943
8431 3006
5006 2285
2518 6
9435 9418
660 4902
6105 1918
9522 485
9603 4527
6514 3879
5913 5564
6513 853
3686 69
9113 5012
744 8016
1881 4959
4147 1827
6451 6716
5475 5840
3746 7132
3106 3291
1293 6616
4310 9149
2522 8135
1880 636
3041 5140
1861 56
2218 2520
7713 3694
8142 5291
2591 2836
6119 5651
2872 2209
3721 5305
611 2341
3336 5300
3679 1168
8689 8728
1691 9283
6600 6994
4670 8978
3925 9884
3244 9508
4074 435
5776 1282
4922 1182
8667 66
447 2493
7527 8977
5602 1149
5833 6980
7691 632
2544 5996
3840 5283
9867 2026
5940 8805
121 1810
564 6668
1941 8594
6014 1396
4101 1262
5328 5503
1693 8890
9157 6873
3126 5912
2111 2413
3448 1704
7446 1399
3402 202
6509 10000
6007 5360
2195 6828
8467 6659
5101 2755
8590 4472
4590 3630
6048 7847
934 6592
4733 5794
5845 8848
4569 540
8514 1577
9073 1289
29 3244
2677 4681
2847 9200
2092 2637
1339 3318
8465 972
1921 29
3194 6519
2028 470
3430 7498
1764 5319
5628 6405
9600 9387
6084 7950
225 5718
590 8628
2770 8609
1002 899
1869 2593
2755 7946
5337 3021
2571 2644
6052 7073
5072 9639
7992 9801
4296 9593
3618 5598
4126 4160
9773 9842
5711 8817
5666 6501
3860 5489
5807 4106
1180 31
1182 4721
3558 8458
3812 1253
5889 648
6139 1545
7569 8163
1135 623
8975 7405
8922 7234
1374 9779
7402 7487
6515 5698
4569 4185
6145 4198
6073 8218
1069 504
3957 9011
7877 2275
5405 1350
9198 7711
780 4144
5633 1404
7043 2813
6888 6017
861 6893
5353 8373
2827 2562
1756 4602
9970 4762
1442 4613
5076 5986
7293 4084
5438 8987
3918 2860
6436 1271
6418 1211
25 3163
9132 1789
9987 1875
2704 8786
7690 9794
3504 1140
3277 7188
2225 9559
910 3103
1985 1214
9200 8960
2241 1669
1723 2614
8755 1264
5232 8569
1627 8369
3458 5557
9595 4117
6429 1745
1916 7411
1888 7097
263 979
1497 9649
6708 3306
2435 2612
7290 8395
2097 6514
3300 1594
4140 7510
3865 8628
6682 8040
2080 475
6444 247
8018 3500
5253 248
9207 8436
1440 7801
2709 9870
2120 1963
6311 3766
6862 9583
8835 5417
9153 748
2560 4720
815 4796
2264 9468
4909 8631
3061 8188
9656 5133
7219 4491
4480 456
3510 2756
7507 8317
292 3888
2895 4418
745 6351
1372 3776
5938 6303
1265 6684
9168 8690
6282 6931
438 4066
3522 8581
2218 5535
7203 8058
1965 888
4488 7991
1719 2028
8561 3872
6169 3990
9857 3406
9384 6367
3550 4955
2313 7159
7648 9755
2897 5360
4681 2415
7299 5939
3690 6549
7510 8121
9134 3875
9656 2286
1875 7439
5009 8179
5855 9904
3591 8730
8487 2055
4137 2008
2734 9291
1220 4290
232 3152
2095 6620
7517 930
418 6679
8301 9182
3982 9629
6954 6890
3715 3004
6941 4076
7893 5106
6883 8664
8298 5676
7861 9653
571 322
9266 7416
4730 9076
9585 3882
848 1372
1381 6097
9211 5617
6406 9819
9561 4653
5841 7295
1357 6397
4862 5169
4925 59
8914 5871
9261 754
7090 1713
6225 5628
8203 1379
146 7623
9559 8770
7337 7348
1483 8799
5709 4825
5174 1123
8263 2408
4572 8695
3234 59
8446 5871
9987 8560
2093 2534
7831 6452
1124 9828
643 5190
5506 9637
20 3082
4781 6337
9968 2008
7137 9705
9724 7687
8080 3505
7648 623
7918 448
2207 4951
2388 9498
1081 1500
9607 4277
687 4646
6385 9791
4595 3016
4970 9020
8139 6267
4164 1031
4048 2373
7003 4506
7564 7715
4940 6885
8884 4881
9458 3464
72 5156
8085 7336
4504 1640
3770 6054
7465 4263
8942 1282
3883 7161
7274 8976
4134 6926
722 76
9708 6424
7328 8184
3907 3041
8210 686
6696 1557
8954 2560
4597 9043
966 3786
4066 3613
5599 7601
9162 7039
8512 3595
2860 7160
5845 4052
265 237
7287 1240
72 1965
7420 1298
4920 173
8660 2555
1155 5606
6249 1194
1730 6820
2975 7320
3908 2612
1426 1319
4020 7460
4859 2649
8778 7473
9353 5626
2486 2992
4918 1958
7780 8900
6548 9233
6963 7821
3698 85
6339 6347
9732 563
4547 5041
4973 5919
6610 7427
7203 6631
8192 1702
3451 130
956 2151
316 3780
7338 7240
5121 3040
341 5445
9435 1176
1879 6400
4853 9474
4106 9758
2945 4774
568 9261
1964 6080
3180 7497
5965 9534
8064 114
482 1632
5347 848
2490 7425
3765 9197
3636 6873
2829 7773
7163 1145
5170 2451
3464 7026
5492 5038
3877 2508
9082 9862
5182 2878
2661 4273
5189 2695
8898 8847
3752 7002
7236 141
2009 1096
5331 1931
27 2765
9090 9313
4528 474
6639 2398
9839 3085
6262 1952
2551 8610
8307 9789
6681 6225
4322 6169
6563 3525
1353 6469
8834 7925
5665 4626
945 8715
367 3507
818 7867
3092 7454
2918 6033
1414 930
5444 8358
270 2138
7053 3878
2728 2769
923 1527
7367 2024
7725 5654
3208 6839
9109 4671
3445 9075
6055 1993
5580 4009
6949 1492
8250 6368
7160 8585
8545 3957
7822 3381
843 2419
4778 2597
1221 2639
7478 5501
646 4081
1016 41
8358 7464
4113 1006
177 4087
4285 9650
1239 2771
6409 2717
985 2666
2779 6171
5873 1398
7427 6963
9682 919
1658 3479
4671 3939
9602 4271
6062 7461
4963 6795
3596 4506
2511 1054
3362 2739
2964 4205
263 3382
4455 9123
3597 4556
8669 1700
3151 6675
8728 7544
1374 6332
3297 5786
7411 4661
2696 2561
4016 2242
5744 7593
819 5891
7739 9555
3197 7953
3408 1015
2675 2553
8534 4922
9946 6571
2078 6828
1395 417
472 2774
1270 368
6320 6456
9569 1547
7600 6923
6980 4032
9843 8893
949 4924
8956 472
4982 3463
5037 8465
2031 2895
3723 2344
3685 8723
2548 6211
7324 2088
4516 9761
9710 5694
7938 7749
7561 1116
9435 677
1368 2435
5906 9680
1401 3026
6596 8833
5148 3004
4531 5801
5588 5783
4379 2234
2041 2939
2598 3191
9625 7609
6943 5865
5353 7469
1066 5725
9463 996
927 6274
8788 4378
3325 2181
8574 6054
434 3302
2018 1818
5446 3507
6716 5590
379 5101
3509 9791
4358 1360
9342 7204
46 230
2789 4902
200 31
4282 7025
9110 8386
5570 9180
6434 3864
5550 9147
8983 8077
4088 5705
3506 999
4234 1393
6255 7345
6993 6948
7583 7468
7734 4796
4421 7228
3027 7544
862 2275
9323 5806
5148 1754
34 7636
3751 6893
1613 9172
772 7811
1769 3835
2727 2665
5629 8639
1950 4852
5131 950
6358 6977
4281 2682
9420 4367
1174 5841
1485 9502
8235 2471
8940 4857
6805 2691
8835 2429
5907 6418
5596 3189
5958 1949
8646 3507
9551 3225
1284 4165
2825 3174
4891 9530
6078 1004
7032 1867
752 6324
1759 765
3791 3682
7450 6894
2262 8332
2468 8263
9193 9461
5432 7809
2870 695
6812 3391
8031 6650
3102 1590
9523 5850
5705 6412
8125 9082
6117 268
227 6680
5399 5324
9122 787
2789 8088
3490 7134
9694 3052
1085 1312
7599 9245
2111 2467
2824 1966
8968 4295
7362 1678
3023 7900
2831 2168
618 222
1708 771
1993 5580
2959 2765
1446 6014
4631 5988
616 2497
7273 4975
7459 9001
7921 9966
3326 3039
1721 2297
9065 4633
2252 1529
9985 9656
9387 9445
248 287
1714 8826
6645 2046
318 2701
5328 6631
2845 1804
6621 4690
7843 4880
9619 710
448 8769
8865 756
9635 4941
5998 7261
5377 7726
9918 7798
6979 635
2264 7885
6608 3567
4194 5551
5103 3845
2431 9114
3784 3070
2544 5460
3151 3796
1374 3585
6818 6951
6073 7145
5271 6051
5930 9145
5318 9476
8660 8125
2955 2196
1411 565
5769 5427
7303 3628
2952 7662
8118 985
2123 8575
587 2314
8666 9552
6667 4253
2940 8755
3725 9716
6241 6330
6562 3984
5262 2710
4710 6601
6549 971
8771 5587
6434 2674
2573 3785
9243 7216
4078 6356
8141 3585
1161 9206
5451 2630
5731 1529
9997 481
9943 6669
9768 2719
8104 274
461 6557
7365 7055
390 965
9452 576
4983 4330
4457 2845
1684 2088
1650 3847
8996 5635
7615 2671
5573 1987
7756 3488
2126 4539
3830 5985
2680 7250
7667 108
2519 6609
9550 9990
1963 6971
1591 9929
5731 7811
9789 9878
3843 3236
7188 7428
4233 7638
3566 4052
9180 7454
8382 6979
7234 3881
5018 1513
4835 2979
6159 8953
8376 5770
7596 2154
6041 1169
9577 8404
4006 6366
3221 8236
5486 2328
65 3415
7960 9110
5815 5345
6544 6914
3411 8565
9909 9466
6943 8315
421 4137
9011 467
6446 1845
1880 3683
7309 4629
1779 8236
7348 975
938 4174
6988 7936
5085 6575
5570 5307
1021 9572
3075 8559
4906 11
4041 4108
2225 2397
6400 5936
6807 1472
5816 6472
9515 7389
2793 8011
421 9837
4691 6835
9476 6631
9499 7449
6379 5620
9668 5353
2642 7035
8090 3268
7696 5502
809 7558
598 8754
3138 115
7508 2937
1949 5104
2121 9250
8837 6069
4504 7801
5550 7014
5867 7664
8118 3131
3018 2271
582 6179
7115 63
3431 7263
5512 5428
3514 4683
1771 2653
6140 7546
427 1366
4382 3957
5704 2788
3772 2595
8718 8313
7909 1205
9427 8828
58 7316
49 3275
5199 4598
5244 5304
6583 4827
546 2599
4346 9587
2451 7022
3124 9310
6508 7328
3187 2621
2131 6534
7614 6736
7432 6814
1315 2011
3399 6414
324 9703
3 6344
66 2928
2314 4427
1105 7678
9602 4993
8041 948
6073 9793
5318 6033
4156 1458
6347 6491
2486 1821
4468 5662
3848 8034
5694 8579
6974 1187
1915 2797
9021 7423
9478 5286
7402 8131
3741 5781
1029 9370
382 4360
9210 8319
8166 388
8803 7230
4432 6021
771 9802
3099 7611
300 4809
4662 3083
2888 6954
2476 3087
6099 1190
5887 1892
9115 6088
8967 3652
3248 3355
4390 639
8334 3942
885 3966
1291 263
7629 2913
9610 3689
1350 5241
2338 2519
1438 4384
9532 4184
3173 2440
9535 4270
1055 6198
8512 2107
4162 6778
3790 3225
8983 5411
8042 645
9068 5394
5613 6149
6068 3071
9567 260
4482 3246
1851 6203
5955 3105
621 412
483 52
158 384
549 441
318 161
23 858
658 69
909 41
4 767
992 783
281 647
814 851
142 374
575 382
175 736
750 627
241 970
457 769
233 756
950 435
10 661
238 784
413 351
945 29
772 818
662 883
559 893
561 702
147 217
305 181
325 892
505 143
93 309
772 444
496 449
572 99
470 337
937 868
854 531
398 994
777 548
394 695
189 919
737 919
211 921
967 688
271 813
102 454
368 684
289 393
681 188
860 351
547 971
671 851
127 597
99 35
42 449
25 930
416 975
400 388
470 934
954 431
113 555
551 179
738 356
980 372
341 188
80 482
305 943
82 279
616 391
894 784
159 813
188 335
363 699
680 907
733 668
554 965
819 358
588 919
115 265
306 814
827 323
18 843
882 853
372 237
309 139
748 849
66 66
110 923
840 383
628 165
644 682
949 46
893 636
360 87
769 473
2 715
296 139
594 536
759 811
829 594
201 11
690 756
166 641
211 326
261 786
56 759
576 206
399 626
651 648
481 722
702 139
143 229
184 117
710 58
593 904
273 149
655 729
877 181
696 800
753 184
431 784
791 307
61 186
586 840
732 617
985 672
974 759
88 267
975 951
893 709
593 472
433 995
636 499
864 61
719 460
104 986
921 555
598 734
143 127
19 286
433 168
698 190
512 533
198 522
278 443
938 959
232 262
333 882
258 36
596 944
956 967
779 554
849 371
228 28
979 482
246 488
577 78
234 39
493 929
306 654
533 694
117 393
409 68
901 702
124 799
273 202
925 383
365 454
475 280
147 530
194 544
22 505
491 438
16 293
100 270
819 540
571 900
590 287
848 605
463 16
136 844
229 586
551 724
153 80
331 971
651 749
535 131
855 539
197 791
332 623
502 162
899 493
532 324
740 80
464 378
630 372
717 748
794 17
893 781
966 402
438 438
962 437
436 750
276 284
923 213
234 669
487 378
583 17
569 653
319 919
818 253
449 93
189 537
356 959
549 942
32 36
888 699
964 246
630 379
946 80
427 273
392 711
442 412
51 183
616 105
614 412
555 434
472 333
282 364
679 919
99 718
265 239
757 987
136 15
2 672
629 754
5 734
505 689
60 213
345 643
415 242
24 439
918 134
876 490
238 766
834 901
71 453
449 163
864 323
799 955
301 421
938 699
963 360
532 681
948 986
212 845
875 811
191 89
575 705
830 291
356 53
311 600
997 363
49 415
579 844
532 438
659 712
451 950
466 341
699 996
291 38
495 984
355 431
944 424
538 778
778 767
216 134
914 225
123 819
250 633
431 569
361 787
851 424
29 15
62 878
399 835
554 321
633 415
1 667
489 424
378 806
175 384
545 630
776 237
603 213
726 309
982 118
834 222
817 761
415 323
482 227
314 721
189 972
630 579
170 558
235 382
816 489
699 426
132 494
159 251
258 367
347 169
595 255
858 744
428 849
128 633
193 438
912 261
841 30
26 571
754 854
349 389
804 548
639 763
140 519
824 456
114 723
977 210
554 705
28 743
269 340
773 641
959 63
479 934
201 661
656 712
887 592
402 450
439 44
929 354
505 669
104 214
851 547
511 933
303 645
316 844
193 862
884 752
545 494
556 875
489 156
705 808
967 695
847 187
110 703
411 2
207 941
627 560
575 838
941 33
920 130
972 242
800 190
122 816
584 695
459 44
983 478
889 651
129 71
49 673
799 724
519 373
62 644
546 635
373 579
888 774
1000 239
547 959
984 38
729 248
603 909
817 435
9 399
820 40
866 226
895 134
922 402
28 519
64 894
1 126
319 74
293 534
908 213
13 591
280 566
603 418
559 183
207 224
773 188
3 260
64 310
902 787
547 81
463 685
28 49
377 177
327 725
55 838
652 412
75 554
416 754
464 200
999 394
82 169
681 329
775 710
492 753
680 958
960 485
355 469
403 493
806 895
361 265
946 223
122 106
835 126
728 593
35 709
797 337
610 143
366 291
656 827
883 172
835 449
425 504
166 140
683 154
514 641
221 788
663 992
919 205
908 796
855 738
643 566
355 583
244 420
470 957
786 803
794 194
117 158
13 382
166 563
977 661
156 90
806 927
976 814
683 483
446 156
237 48
761 396
990 955
254 765
994 332
531 293
404 260
567 392
903 190
301 186
98 938
768 849
133 271
500 88
210 424
456 575
435 911
415 970
639 879
641 375
673 630
958 30
620 252
629 928
398 470
916 390
12 246
286 726
36 809
389 606
521 285
911 86
765 992
474 445
570 280
32 290
556 418
984 830
850 635
859 379
133 C479 1
650 C802 1
16 C853 1
C108 C660 1
463 332 1
C590 C659 1
C323 614 1
124 C451 1
C614 C143 1
585 391 1
879 632 1
C660 744 1
577 C574 1
C620 C394 1
C772 680 1
164 144 1
C449 C468 1
23 970 1
C999 C735 1
C742 C242 1
C516 C832 1
694 901 1
C324 C195 1
177 C171 1
121 C401 1
C690 881 1
600 715 1
C795 C679 1
831 C813 1
C635 897 1
578 216 1
485 357 1
C626 C299 1
C419 C292 1
C962 918 1
486 C491 1
176 C513 1
C824 152 1
C959 C344 1
C87 86 1
C770 C967 1
C369 C770 1
997 C16 1
C103 C330 1
C707 C180 1
106 896 1
C915 C90 1
C789 C487 1
658 339 1
605 C395 1
C235 C12 1
C371 870 1
C602 978 1
588 117 1
C345 114 1
577 C399 1
C438 417 1
C11 C408 1
31 475 1
19 389 1
160 C495 1
61 773 1
C290 359 1
318 C899 1
C319 322 1
611 C540 1
311 22 1
C720 C689 1
823 26 1
949 C721 1
60 780 1
C308 433 1
C176 358 1
953 940 1
C112 C90 1
643 755 1
803 C957 1
C447 C205 1
C872 C748 1
C933 928 1
C649 60 1
C911 C461 1
C1 3 1
C694 C922 1
91 C943 1
153 363 1
687 555 1
C407 168 1
799 776 1
C747 215 1
301 C596 1
C327 C831 1
C878 720 1
C962 C630 1
270 188 1
C295 C78 1
335 C80 1
703 C598 1
C882 C590 1
445 438 1
